TF	M1	M2	M3	M4	M5	M6	M7
AHR	0.7373463080510194	-0.8439663352750852	-0.048286610645521456	-1.2484659620808498	-1.9860930652996192	-1.4927894693524473	-1.386932043643891
ALX1	-1.6169531538284387	-1.5849481079736996	-1.5208410151355243	2.1085291679345106	-1.9860930652996192	-1.4927894693524473	-1.386932043643891
ALX3	-0.4017381527053248	1.4719471958613757	-1.5208410151355243	-1.2484659620808498	-1.9860930652996192	-1.4927894693524473	-0.49661806176932294
AR	-0.8298919133912409	-1.32585672706154	-1.5208410151355243	0.43686354611379946	-1.9860930652996192	-1.4927894693524473	-0.02468017535971937
ARID5A	-1.6169531538284387	-1.5849481079737007	-1.5208410151355243	-1.2484659620808498	-1.9860930652996192	-1.4927894693524473	-1.386932043643891
ARID5B	-1.6169531538284387	-1.5849481079737007	-1.5208410151355243	-1.2484659620808498	-1.9860930652996192	-1.4927894693524473	-1.386932043643891
ARNT	-0.7087686758746137	-1.241979510248455	0.18560636214406426	-1.2484659620808498	-1.943165828890609	-0.5897127215390863	-1.386932043643891
ARNT2	0.7192358842153117	-1.1281458467224683	-1.5208410151355243	-0.7903064313965764	-0.702331269324429	-1.4927894693524473	-0.8930209031397547
ARNTL	-1.6169531538284387	-1.5849481079737007	-0.15501579595353712	-0.8088422404651192	0.362053563717143	-1.4927894693524473	-1.386932043643891
ARNTL2	-1.6169531538284387	-1.5849481079737007	-0.34467977875093453	-0.7665800537170252	0.5920126319133775	-1.4927894693524473	-1.386932043643891
ASCL1	-1.6169531538284387	-1.5849481079737007	0.5843077505123984	-0.8224996850645313	-0.7492973270193094	-1.4927894693524473	-1.386932043643891
ATF1	-0.12529577875147838	-1.3882725567955845	-1.2830245869424628	-0.7433324738058915	-0.29892717041598155	-1.4927894693524473	-0.7385722603691117
ATF2	-1.6169531538284387	-1.5849481079737007	-0.3491357210845003	-1.2484659620808498	-1.9050647931307425	-0.12132048241271405	-0.324899572265745
ATF3	-1.6169531538284387	-1.5849481079737007	-0.12224566375308413	-1.2484659620808498	-1.9037173225366852	0.38167578838254623	-1.2297068062778744
ATF4	-0.769145174994212	-1.2273203706869946	-1.438501732289116	-1.1877469704963461	-1.7480932931721975	-0.5379299657363167	0.4625483784021469
ATF5	-1.6169531538284387	-1.5849481079737007	-0.08922779531355864	-1.2484659620808498	-1.9431795831593457	-0.22755645411685688	-0.4976733058908998
ATF6	-0.899582581787845	-1.5158628204232927	-1.5208410151355243	-1.2484659620808498	-1.9860930652996163	-1.3129112055699073	2.1265173067677177
ATF6B	-1.3607498529428228	-1.584948060639521	-0.7074537574895313	-1.2484659620808498	-1.9737670353404426	-0.9301461738630795	0.9711859695703828
BACH1	-1.363767219179967	-1.3652664550179678	-1.4875988547181507	-1.1760949935532778	-1.8934717683089004	-1.4927894693524473	2.392803567739641
BACH2	-1.4259657175616889	-1.4446814131760843	-1.5208410151355243	-1.0517951155828598	-1.7291688518843777	-1.3124202707488062	2.029622258024424
BARX1	-1.6169531538284387	-1.5567793896371953	-1.5208410151355243	-1.2484659620808498	-1.9860930652996192	2.0105037731578745	-1.386932043643891
BATF	-1.6169531538284387	-1.5849481079737007	1.7561955028954461	-1.2484659620808498	-1.9860930652996192	-1.4927894693524473	-1.386932043643891
BATF3	-1.3628083796619614	-1.0595558327259964	-1.5208410151355243	-1.0466837214057172	-1.7342148720006547	-1.4927894693524473	1.8789870339240886
BBX	-1.2158916192445395	-0.05890679440111614	-1.376700888582621	-0.9295963463184089	-1.4594998810401025	-1.1995314797889371	-0.03227768180325123
BCL6	-0.5525867867062155	0.3235907329250995	-1.3179354930570786	-1.2484659620808498	-1.959180300183097	-0.1629356679058752	-1.357052444684211
BCL6B	-1.6169531538284387	-1.5849481079737007	-1.5208410151355243	-0.2136011150955262	1.5521528182208633	-1.4927894693524473	-1.386932043643891
BDP1	-1.6169531538284387	-1.5849481079737007	-1.4144852940366128	-0.1716638808603556	1.0729347393621353	-1.3138214296626958	-1.386932043643891
BHLHE22	-1.6169531538284387	-1.5849481079737007	1.799997558949337	-1.2484659620808498	-1.9860930652996192	-1.4927894693524473	-1.386932043643891
BHLHE40	-1.6169531538284387	-1.5849481079737007	0.3427620514946444	-1.2484659620808498	-1.9005919444697277	0.01599542894851379	-1.386932043643891
BHLHE41	3.5960252234057606	-1.5849481079737007	-1.5208410151355243	-1.2484659620808498	-1.9860930652996192	-1.4927894693524473	-1.0606124467821054
CDC5L	-1.4064016920314841	-1.0065690088496548	-1.5208410151355243	-0.40501220959548057	0.4256634602086489	-1.4927894693524473	-0.8771986795672013
CEBPB	-0.640820663799399	0.7467908162930409	-1.5208410151355243	-1.2484659620808498	-1.9860930652996192	-0.28681250587159934	-1.1863058102576844
CEBPD	-0.7073260148333284	0.9967106735782609	-1.5208410151355243	-1.2484659620808498	-1.9860930652996192	-0.9079274599341343	-0.5807601524294544
CEBPG	-1.6169531538284387	-1.396925529879124	-1.1260602751206326	-1.2484659620808498	-1.9504595648326821	0.7993414168018399	-0.575357062701744
CLOCK	0.041195899260576326	-1.5849432565102533	-1.5208410151355243	-1.035126219826993	-0.8309179070336675	-0.4367127450925695	-0.8636240422004611
CREB1	-1.6169531538284387	-1.5849481079737007	-0.6021253067579381	-0.6473716550546458	0.0746785920838763	-0.9815018341881218	-1.386932043643891
CREB3	-1.0694316508212425	-1.5849481079737007	-1.5208410151355243	-1.2484659620808498	-1.9860930652996192	-1.4927894693524473	2.5544828590424324
CREB3L1	1.6016537046070807	-1.5849481079737007	-1.5208410151355243	-1.2484659620808498	-1.9860930652996192	-1.4927894693524473	0.4759442676123685
CREB3L2	1.0050149468197507	-1.584948107811746	-1.5208410151355243	-1.04240645003754	-0.9857104623123965	-1.4927894693524473	-0.17504747778924526
CREB3L4	-1.6169531538284387	-1.5849481079737007	-1.5208410151355243	-1.2484659620808498	-1.9426968185964548	-0.2532846993810665	1.3823007639257212
CREB5	-1.2518773721388177	-1.4433510172635913	0.5943645397853089	-1.2484659620808498	-1.9615744171787808	-1.3653220267567885	-0.3996198998160759
CREM	-0.23577355038013922	-1.5849481079737007	-1.2281109459087476	-1.2484659620808498	-1.9073583189565246	0.3475657671060717	-0.8113405234032451
CTCF	-0.24349688349109816	-1.5849481079737007	-1.5208410151355243	-0.9002375372090448	-1.0583206664207259	0.18268396789789182	-1.3869320431715397
CTCFL	-1.6169531538284387	-1.5849481079737007	-1.5208410151355243	-1.2484659620808498	-1.9439644690015008	1.2443937757883357	-0.5077111363144029
CUX1	-1.6169531538284387	-0.7931666403121703	-1.5208410151355243	-0.5395579416331513	-0.557767375495206	-0.3489035547206995	-1.2336200929325467
CUX2	-1.6169531538284387	-1.5849481079737007	-1.5208410151355243	0.14979760179378843	0.9468427417610733	-1.4927894693524473	-1.386932043643891
DBP	-0.7701385325383194	0.8252507220428394	-0.24304426846896127	-1.2484659620808498	-1.9860930652996192	-1.4927894693524473	-1.3414565685509714
DDIT3	-1.6169531538284387	-0.9431684155106517	-1.5208410151355243	-1.2484659620808498	-1.9602804982267064	-0.03902106086257322	0.6115662991898339
DLX1	-1.6169531538284387	-1.5717441941528847	-1.5208410151355243	-1.2484659620808498	-1.9860930652996192	2.0304524238548263	-1.386932043643891
DLX4	-1.6169531538284387	-1.5813892501622042	-1.5208410151355243	0.6513760675073126	-1.9860930652996192	0.05305704668870615	-1.386932043643891
DMBX1	-1.6169531538284387	-1.5773910859411973	-1.5208410151355243	-1.2484659620808498	-1.9860930652996192	2.0365007094357988	-1.386932043643891
E2F1	-1.6169531538284387	-1.5849481079737007	-1.5208410151355243	-0.01043313212930428	1.0358647811920851	-1.3448305305836215	-1.386932043643891
E2F2	-1.5908399205660315	-1.5849481079737007	-1.5092337108664282	-1.2484659620808498	-1.8505654701487144	1.921515693287082	-1.386932043643891
E2F3	-1.61695315382843	-1.5849481079737007	-1.3642867526539717	-0.4217146070861943	0.028268389578118305	-0.3735731030452067	-1.386932043643891
E2F4	0.7289210148122193	-1.5849481079737007	-0.9497700974351643	-0.8287535589753875	-0.5067518946298503	-1.4927894693524473	-1.386932043643891
E2F5	-1.5550492166665562	-1.5849481079737007	-1.5208410151355243	-1.1559048541619201	-1.3312678157263855	1.4470698123321666	-1.386932043643891
E2F6	1.3756070164004004	-1.5849481079737007	-1.5208410151355243	-1.2484659620808498	-1.9295426495217096	0.1334439774384134	-1.386932043643891
E2F7	-1.6169531538284387	-1.5849481079737007	-1.5208410151355243	-0.28595748703156987	1.6596775547669023	-1.4927894693524473	-1.386932043643891
E2F8	-1.6169531538284387	-1.5849481079737007	-1.5208410151355243	-1.1810353789621382	-1.421903226414161	1.309479465097857	-1.1404449856444547
E4F1	-1.2645554357591098	-1.5849481079737007	-1.0190968722122073	-0.8569179113133869	0.6665780633763819	-1.370010647840149	-0.8849840596650859
EBF1	-0.3878107974269899	-1.103612603143045	0.7832377165637742	-1.2484659620808498	-1.9860930652996192	-1.4927894693524473	-1.386932043618206
EGR1	1.0867503122304405	-0.9523256551269161	-1.5208410151355243	-1.2484659620808498	-1.9593746012464048	-0.08425946996347129	-1.386932043643891
EGR2	-1.6169531538284387	-1.5849481079737007	1.807900578599605	-1.2484659620808498	-1.9860930652996192	-1.4927894693524473	-1.386932043643891
ELF1	2.469931606838989	-0.13633858541839797	-1.5208410151355243	-1.2484659620808498	-1.9860930652996192	-1.4927894693524473	-1.3869320436162598
ELF2	-0.9150401897714369	-1.5849481079737007	-1.349002156653944	-0.8391868438853863	-0.8970604831650906	0.24636315881762502	-1.386932043643891
ELF3	-1.3184190412021448	-1.1566922543513984	0.1275135588856886	-1.1553257925311133	-1.9860930652996192	-0.2681521170767531	-1.386932043643891
ELF4	0.17220933696820126	-0.8628485580063497	-0.21929708387961458	-1.2484659620808498	-1.9806767363867217	-0.9367104535796554	-1.386932043643891
ELK1	-1.616953153654696	-1.5849481079737007	-1.5207018388619569	-0.3856169354212982	0.15076647841882881	-0.33200134619577276	-1.386932043643891
ELK3	-0.11100104568917415	-0.6954131617564222	-1.5208410151355243	-0.42202070243890505	-0.34617582000409164	-1.4927894693524473	-1.386932043251119
ELK4	-1.3870264357665882	-1.393336858091647	-0.5551030421584832	-0.7130341788787737	-0.8461063584129914	-0.5956720336477552	-1.386932043643891
EMX1	-1.6169531538284387	-1.5849481079737007	-0.048914492606633365	0.6285614199512574	-1.9860930652996192	-1.4927894693524473	-1.386932043643891
EMX2	-1.6169531538284387	2.780784348409427	-1.5208410151355243	-1.2484659620808498	-1.985112256513437	-1.4927894693524473	-0.6485806861680123
EOMES	-1.6169531538284387	-1.5849481079736987	-1.5208410151355243	2.1098536748309407	-1.9860930652996192	-1.4927894693524473	-1.386932043643891
EPAS1	2.4248836783950996	-0.8349515965592483	-1.5208410151355243	-1.2484659620808498	-1.9860930652996192	-1.1174556752751932	-1.2398332082824024
ESRRA	-0.6365417215977772	-1.0081222328934656	-1.5208410151355243	-0.32919811368258933	0.2899138746768781	-1.4927894693524473	-1.386932043643891
ESRRB	-1.6169531538284387	-1.5849481079737007	0.3684895066033424	-1.2484659620808498	-1.9860930652996192	0.0489040805936809	-1.386932043643891
ESRRG	-1.6169531524579301	-1.5849481079737007	-1.520841011525807	-0.27454319061728594	0.17107001053227597	-0.46213943623650977	-1.386932043643891
ETS1	0.41557644509526365	-0.2984681259219787	-1.16640264270203	-0.26885658740834906	-1.9860930652996192	-1.4927894693524473	-1.3869320436437356
ETS2	-0.07570823554479521	-0.6694016945620185	-1.5208410151355243	-0.04985674972427843	-1.9860930652996192	-0.7868689053677757	-1.386932043643891
ETV1	-1.5860930505502386	-1.5849481079737007	-1.5208410151355243	1.7466483074705517	-1.9860930652996192	-1.1252088844120725	-1.386932043643891
ETV3	-1.6025192631284735	-1.5849481079737007	-1.5086696681385658	-1.2484659620808498	-1.8541784909635055	1.9246238040970665	-1.386932043643891
ETV4	-1.589240388322656	-1.5849481079737007	-1.5208410151355243	1.2707579997135765	-1.9860930652996192	-0.6182341338218027	-1.386932043643891
ETV5	-1.323468956610299	-1.4119050366490704	-0.9418633501500193	0.2538961032130389	-1.9860930652996192	-0.44058646242389976	-1.386932043643891
ETV6	-0.22537564403136107	-0.9042546194816174	-0.11633152690607904	-1.0310198696348807	-1.5040558427257098	-1.3315823284561707	-1.3869317228439613
EWSR1	-1.6169531538284387	-1.5849481079737007	-1.5208410151355243	1.8408288012655059	-1.9860930652996192	-1.4927894693524473	-1.386932043643891
FEV	-1.6146412729585804	-1.5849481079737007	-1.50955902987474	-1.2484659620808498	-1.9860930652996192	2.030766693654087	-1.386932043643891
FLI1	-0.37008513132291254	-0.6248078535247049	0.4724341803029918	-1.2484659620808498	-1.9860930652996192	-1.4927894693524473	-1.386932043643891
FOS	-1.3185254679258955	-1.57966765123403	-1.5208410151355243	-1.2484659620808498	-1.9860930652996192	-1.4927894693524473	2.751719510137459
FOSB	-1.4088763366523342	-1.5849481079737007	-1.5208410151355243	-1.2484659620808498	-1.9860930652996192	-1.4927894693524473	2.825214999471523
FOSL1	-1.4537358705339538	-1.5849481079737004	-1.5208410151355243	-1.2484659620808498	-1.9859916299496705	-1.1671463075162882	2.4653373904125835
FOSL2	-1.231796885183762	-1.1531042199445471	-1.5208410151355243	-1.2484659620808498	-1.9860930652996192	-1.4927894693524473	2.3315534160227345
FOXA2	-1.6169531538284387	-1.580425589607696	-1.5208410151355243	-1.2484659620808498	-1.9860930652996192	2.03981692557982	-1.386932043643891
FOXA3	-1.6169531538284387	-1.5849481079731174	-1.5208410151355243	2.109500966806276	-1.9860930652996192	-1.4927894693524473	-1.386932043643891
FOXC1	0.15424263679455907	1.9143262027688015	-1.5208410151355243	-1.2484659620808498	-1.9860930652996192	-1.4927894693524473	-1.2929026567815725
FOXC2	-0.5166709257816501	0.5614705921341597	-1.5208410151355243	0.0953068617730257	-1.9860930652996192	-1.4927894693524473	-1.3869318016259367
FOXD1	-0.4612994779147286	0.7630215788535593	-1.5208410151355243	-1.2484659620808498	-1.9860930652996192	-0.24762390329833148	-1.3869173332323284
FOXD3	-1.6169531538284387	-1.5849481079737007	-1.5208410151355243	2.1118401584127002	-1.9860930652996192	-1.4927894693524473	-1.386932043643891
FOXF2	-1.3641772456753145	0.872933876880468	-1.5208410151355243	-1.2484659620808498	-1.9860930652996192	-1.4927894693524473	0.724655138122302
FOXG1	-1.6169531538284387	-1.5743820831377153	-1.5208410151355243	-1.2484659620808498	-1.9860930652996192	2.034881117401048	-1.386932043643891
FOXH1	-1.6169531538284387	-1.5849481079737007	-1.5208410151355243	0.3298077156561226	0.6675612219979264	-1.4927894693524473	-1.386932043643891
FOXJ1	-1.6169531538284387	-1.5849481079737007	-1.5208410151355243	2.0697915490281176	-1.9860930652996192	-1.4927894693524473	-1.386932043643891
FOXJ2	-0.2735475761766422	0.5295310081909226	-1.5208410151355243	-1.2484659620808498	-1.9860930652996192	-0.2086387290570253	-1.386932043643891
FOXJ3	-1.6169531538284387	-1.5849481079737007	-0.8695464127784555	0.038620276057887655	-1.9860930652996192	0.00974619490221795	-1.386932043643891
FOXK1	-1.6169531538284387	1.2160730971390248	-1.5208410151355243	-1.2484659620808498	-1.9730379386980852	-0.5472699304652399	-0.5174596436342196
FOXK2	-1.6169531538284387	-1.5849481042195943	-1.5208410151355243	0.7542442008420692	-1.9860930652996192	-0.12642109200698678	-1.3071600953642966
FOXL1	0.06814621905797631	1.808440512818309	-1.5208410151355243	-1.2484659620808498	-1.9860930652996192	-1.4927894693524473	-1.1378755860898468
FOXL2	-1.6169531538284387	-1.5849481079737007	-1.5208410151355243	-1.2484659620808498	-1.9860930652996192	0.6114303098241803	0.3719548523637393
FOXM1	-1.6169531538284387	-1.5849481079585934	-1.5208410151355243	1.9713891514804078	-1.9860930652996192	-1.3465385826113676	-1.386932043643891
FOXO1	-1.6169531538284387	-1.5849481079737007	-1.5208410151355243	2.1113891751479814	-1.9860930652996192	-1.4927894693524473	-1.386932043643891
FOXO3	0.37420097099123767	0.7487964957233653	-1.5208410151355243	-0.5785830467323358	-1.9860930652996192	-1.4720458597999113	-1.3869320429904486
FOXO4	-0.06639226409426478	0.2147302559995033	-1.5208410151355243	0.047356067754590656	-1.9860930652996192	-1.4927894693524473	-1.386932043643891
FOXP1	-1.6169531538284387	1.2452529434750013	-1.5208410151355243	-0.6984482096211745	-1.6970048660494854	-1.2590950220409791	-0.6123318895695437
FOXP2	-1.6169531538284387	-1.579261674156256	-1.5208410151355243	0.6763834690768874	-1.9860930652996192	-0.03096847930354548	-1.3301895213826262
GABPA	-0.9764365258999037	-1.1921465373811146	-1.0246321067005544	-0.39678180826581977	-1.9860930652996192	-0.0324025911901397	-1.386932043643891
GATA1	-1.6169531538284387	-1.5849481079737007	-1.5208410151355243	-1.2484659620808498	-1.9860930652996192	0.9383528308873905	-0.07952574506922971
GATA2	-1.0343151491149156	-0.755812056401799	-1.5208410151355243	-1.2484659620808498	-1.9860930652996192	-0.020099041345647568	0.033511990580766995
GATA3	-1.6169531538284387	-1.5849481079737007	1.7963074920843713	-1.2484659620808498	-1.9860930652996192	-1.4927894693524473	-1.386932043643891
GFI1	-1.6169531538284387	-1.5849481079737007	1.798504420228694	-1.2484659620808498	-1.9860930652996192	-1.4927894693524473	-1.386932043643891
GFI1B	-1.6169531538284387	-1.5767014768754715	-1.5208410151355243	-0.9680117238581235	-1.9860930652996192	1.7349995832779301	-1.386932043643891
GLI1	-1.6169531538284387	-1.5849481079737007	-1.5208410151355243	-0.7441468981259713	2.3225646317471975	-1.4927894693524473	-1.386932043643891
GLI2	-1.6169531538284387	-1.5849481079737007	-1.5208410151355243	-0.7490744603393542	2.327148497433099	-1.4927894693524473	-1.386932043643891
GLI3	-1.6169531538284387	-1.5849481079737007	-1.5208410151355243	-0.7240505005357413	2.293124777947181	-1.4927894693524473	-1.386932043643891
GMEB1	-0.4391521222322855	-1.5849481079737007	-1.5208410151355243	-0.7853261878947048	0.5216609813482957	-1.4927894693524473	-0.6819774857690005
GMEB2	-1.3561833319776946	-1.5849481079737007	-1.1297628152335122	-0.5942561907030267	0.17773648304986248	-0.7126894139183714	-1.386932043643891
GRHL1	-1.1711932588403648	-0.7995525299284845	-1.5208410151355243	-1.2484659620808498	-1.9116992880719088	0.8485125146846528	-1.0083502487229843
GRHL2	-1.6169531538284387	-1.5849481079737007	-1.5208410151355243	0.07507712943728784	1.0501271345291707	-1.4927894693524473	-1.386932043643891
HBP1	-1.6169531538284387	-1.5849481079737007	1.6626204948724324	-1.2484659620808498	-1.9860930652996192	-1.4927894693524473	-1.386932043643891
HES1	-1.5753925570420884	-1.5849481079737007	-1.5208410151355243	-1.0838492532657649	-1.2048856754139428	1.304733055666337	-1.386932043643891
HESX1	-1.6169531538284387	-1.5849481079737007	-1.5208410151355243	2.099070604422164	-1.9860930652996192	-1.4927894693524473	-1.386932043643891
HEY1	-1.6169531538284387	-1.5849481079737007	0.3609687554879937	-1.2484659620808498	-1.9048554935146773	-0.0003718382242405303	-1.386932043643891
HEY2	-1.6169531538284387	-1.5849481079737007	-1.5208410151355243	-0.15439280658757754	1.4657584008248383	-1.4927894693524473	-1.386932043643891
HIF1A	-0.05674768466345403	-1.1546764892131176	-0.8601353400805938	-0.9269059654711317	-0.8208605598257089	-1.0641719623178303	-1.386932043643891
HINFP	0.9940840105246079	-1.5849481079737007	-1.2059487182364408	-1.2484659620808498	-1.9307926551557206	-0.12747499274380883	-1.1910449657477364
HMBOX1	-1.6169531538284387	-1.5849481079733487	-0.5838298114663175	-1.2484659620808498	-1.9190320087497468	0.9773545588125122	-1.386932043643525
HMX2	-1.6169531538284387	-1.5849481079737007	-1.5208410151355243	2.106317182124414	-1.9860930652996192	-1.4927894693524473	-1.386932043643891
HNF4G	-1.6169531538284387	-1.5849481079737007	-1.5208410151355243	-0.1820252538277757	1.4892514048684653	-1.4927894693524473	-1.386932043643891
HOXA11	-1.6169531538284387	1.1588941359311993	-1.5208410151355243	-1.2484659620808498	-1.9860930652996192	-1.4927894693524473	0.7007428733992066
HOXA13	-1.2799290486742765	1.8959351603166892	-1.5208410151355243	-1.2484659620808498	-1.9860930652996192	-1.4927894693524473	-0.167204704468833
HOXA7	0.3082072356170814	1.644535878245697	-1.5208410151355243	-1.2484659620808498	-1.9860930652996192	-1.4927894693524473	-1.187540217280331
HOXB2	-1.6169531538284387	-1.5849481079737007	0.32692362944711517	-1.2484659620808498	-1.9860930652996192	0.09293207161298378	-1.386932043643891
HOXB3	-1.6169531538284387	-1.5822785515539146	-1.5208410151355243	-1.2484659620808498	-1.9860930652996192	2.041362759501103	-1.386932043643891
HOXB7	-1.6169531538284387	-1.5821165821572811	-1.5208410151355243	-1.2484659620808498	-1.9860930652996192	2.041292008920558	-1.386932043643891
HOXC10	-1.6169531538284387	1.8169592961607453	-1.5208410151355243	-1.2484659620808498	-1.9860930652996192	-1.4927894693524473	0.15818623929085915
HOXD10	-1.6169531538284387	1.6324612119717328	-1.5208410151355243	-1.2484659620808498	-1.9860930652996192	-1.4927894693524473	0.3109542067165035
HOXD11	-1.6169531538284387	2.120930948464858	-1.5208410151355243	-1.2484659620808498	-1.9860930652996192	-1.4927894693524473	-0.0941180936224919
HOXD9	-1.6169531538284387	1.6875400548363813	-1.5208410151355243	-1.2484659620808498	-1.9860930652996192	-1.4927894693524473	0.26527469465541
HSF1	-0.22731109809874228	0.7676094154214185	-0.5682869750217449	-1.2484659620808498	-1.9860930652996192	-1.4927894693524473	-1.386932043643891
HSF2	-1.0393968821430783	-0.05564987074259009	0.4906477848209957	-1.2484659620808498	-1.9860930652996192	-1.4927894693524473	-1.386932043643891
HSF4	-1.6169531538284387	-1.5849481079737007	1.784999592396032	-1.2484659620808498	-1.9860930652996192	-1.4927894693524473	-1.386932043643891
ID1	0.7314405514961918	-1.3502579993416695	-1.5208410151355243	-0.9307587344036284	-1.0009830578209962	-0.7007424027367736	-1.254623755675135
ID2	-1.2636084302614825	-1.4517619502984485	1.5109946680630941	-1.2484659620808498	-1.98478505145648	-1.4927894693524473	-1.386932043643891
ID4	-1.6169531538284387	-1.5849481079737007	-1.5208410151355243	-0.15681571374171296	1.464472785371358	-1.4927894693524473	-1.386932043643891
IKZF1	-1.6169531538284387	-1.5849481079737007	0.31285030860823587	-1.2484659620808498	-1.9388607054130265	0.07322318855318899	-1.386932043643891
IKZF2	-1.0359901329188506	-0.2632439040805165	0.6285181095131631	-1.2484659620808498	-1.9860930652996192	-1.4927894693524473	-1.386932043643891
IRF1	-0.7359558777813968	-0.7961817481142393	-0.07911991001479947	-1.2484659620808498	-1.9860930652996192	-1.0416179522131674	-0.7896938798010145
IRF2	-1.1320786611761178	1.4764420732865382	-1.310653352049294	-1.0845616758404877	-1.8216306012890449	-1.4927894693524473	-0.5639260435789633
IRF3	0.09514301214783427	-0.21697746028234224	-1.5208410151355243	-0.620840172823655	-0.7047777906168319	-1.4927894693524473	-1.386932043643891
IRF4	-1.6169531538284387	-1.5849481079737007	1.7774695601200956	-1.2484659620808498	-1.9860930652996192	-1.4927894693524473	-1.386932043643891
IRF5	-1.6169531538284387	-1.5849481079737007	1.7765778340476732	-1.2484659620808498	-1.9860930652996192	-1.4927894693524473	-1.386932043643891
IRF7	-1.1915666593098668	-0.07773630038084198	-0.6918868280508378	-1.2484659620808498	-1.9860930652996192	-1.4927894693524473	0.292760583849983
IRF8	-1.6169531538284387	-1.5849481079737007	1.7819956361946847	-1.2484659620808498	-1.9860930652996192	-1.4927894693524473	-1.386932043643891
IRX1	-1.349348716769784	0.9246241453398439	-1.5208410151355243	-1.2484659620808498	-1.9860930652996192	-1.4927894693524473	0.6782474444258959
IRX2	-1.6169531538284387	-1.5849481079737007	-1.5208410151355243	0.5890114519812856	0.2666872227091157	-1.4927894693524473	-1.386932043643891
IRX3	-1.3722668181885223	1.0324925107786986	-1.5208410151355243	-1.2484659620808498	-1.9860930652996192	-1.4927894693524473	0.605973431838711
IRX5	-1.3673957320563277	1.046427176295456	-1.5208410151355243	-1.2484659620808498	-1.9860930652996192	-1.4927894693524473	0.5902593977465502
ISL1	-1.6169531538284387	-1.5849481079737007	-1.5208410151355243	2.1069703405222002	-1.9860930652996192	-1.4927894693524473	-1.386932043643891
ISL2	-0.678945652805459	1.0381100103149692	-1.5208410151355243	-1.2484659620808498	-1.9860930652996192	-0.29853106137485613	-1.3869300263587638
JDP2	-1.6169531538284387	-1.5849481079737007	-0.20026861120885997	-0.5062372408266353	-0.015650076844278826	-1.4927894693524473	-1.386932043643891
JUN	-1.6169531538284387	-1.1254888727553647	-1.5208410151355243	-1.2484659620808498	-1.9844650615771244	-1.1059382194658285	2.133771831633958
JUNB	-1.3677883490269247	-0.8902026052094498	-1.5208410151355243	-1.2484659620808498	-1.9860921096239526	-1.1112909207561597	1.7538683302470721
JUND	-1.3569007009369327	-1.4242387939281345	-1.5208410151355243	-1.1936381108671694	-1.876422885989093	-1.155496356931065	2.0785545734328004
KLF1	-1.615897587983735	-1.5849481079737007	-1.5208410151355243	-1.2484659620808498	-1.9860930652996192	2.0395084884485617	-1.386932043643891
KLF10	0.16115958092194296	-1.5849481079737007	0.07771620056276612	-1.2484659620808498	-1.9580262039054477	-0.7855000810359383	-1.386932043643891
KLF11	1.5739430561706065	-1.5849481079737007	-1.5208410151355243	-1.2484659620808498	-1.9373177236930192	0.012760716643695947	-1.3869320436221846
KLF12	0.23375732772339303	-0.7138500211763208	-0.9531427989985314	-0.7903847762230589	-0.9513309013391829	-1.4927894693524473	-1.3869320436438826
KLF13	2.5835282033990064	-1.0530534814807933	-1.0068042470481078	-1.2484659620808498	-1.9860930652996192	-1.4927894693524473	-1.386932043643891
KLF16	-1.6169531538284387	-1.5849481079737007	-1.5208410151355243	-0.19836866971198142	1.5321771842928642	-1.4927894693524473	-1.386932043643891
KLF3	0.7341482681254438	-0.5867576929270377	-1.492092311705116	-1.2484659620808498	-1.957700475754733	-0.13956875406330924	-1.386932043643891
KLF4	2.2529025118028034	0.06746990059689412	-1.5208410151355243	-1.2484659620808498	-1.9860930652996192	-1.4927894693524473	-1.3869317575621565
KLF5	1.0406201957947236	-0.38245046372010666	-1.5208410151355243	-0.8901775782896167	-0.9876640368706727	-1.4927894693524473	-1.386932043643891
KLF7	1.3905474903186208	-0.22200540219992781	-1.5208410151355243	-0.5451058057323727	-1.9860930652996192	-1.4927894693524473	-1.386932043643891
KLF9	3.5446242690298533	-1.143585274892625	-1.5208410151355243	-1.2484659620808498	-1.9860930652996192	-1.4927894693524473	-1.3869320400129865
LBX2	-1.6169531538284387	1.2016952781116328	-1.5208410151355243	-1.2484659620808498	-1.9860930652996192	0.17159971365416912	-1.3842544700333874
LEF1	-1.1742153323579438	-0.4596265968844878	-1.5208410151355243	-1.2484659620808498	-1.9860930652996192	-0.8447105672047048	0.919092109856276
LHX2	-1.6169531538284387	-1.5849481079737007	1.7857630172149737	-1.2484659620808498	-1.9860930652996192	-1.4927894693524473	-1.386932043643891
LHX3	-1.6169531538284387	-1.5781452608664936	-1.5208410151355243	0.763901297888824	-1.9860930652996192	-0.07368852368839261	-1.3869320436244776
LHX4	-1.6169531538284387	-1.5849481079737007	-1.5208410151355243	2.099772636024813	-1.9860930652996192	-1.4927894693524473	-1.386932043643891
LHX6	-1.6169531538284387	-1.553458558551314	-1.5208410151355243	-1.2484659620808498	-1.9860930652996192	1.9998611512544398	-1.3869320436305383
LHX9	-1.284566163113194	2.5548921456654474	-1.5208410151355243	-1.2484659620808498	-1.9860930652996192	-1.4927894693524473	-0.7170264441238725
LMO2	-1.5948276071075425	-1.5849481079737007	-1.5208410151355243	-1.2484659620808498	-1.8632092784562662	1.9366630880846716	-1.386932043643891
LMX1A	-1.6169531538284387	-1.5849481079737007	-1.5208410151355243	2.1009979933624705	-1.9860930652996192	-1.4927894693524473	-1.386932043643891
LYL1	-1.6169531538284387	-1.5849481079737007	-0.8790711068269464	-1.2484659620808498	-1.9860930652996192	1.3570601665941129	-1.386932043637784
MAF	0.3204752377612659	-0.4407917623860577	-1.5208410151355243	-0.7964568264519535	-1.9860930652996192	-1.4927894693524473	-0.05478581603191266
MAFB	-1.6169531538284387	-1.5849481079737007	-1.5208410151355243	0.14776259844380796	1.0044798586421215	-1.4927894693524473	-1.386932043643891
MAFF	-0.7437478753232888	0.13170830725495442	-0.503126261048309	-1.2484659620808498	-1.9860930652996192	-1.4927894693524473	-0.4434382931046025
MAFG	-1.6169531538284387	-1.5849481079737007	-1.5208410151355243	-1.2484659620808498	-1.9860930652996192	1.7089294929542709	-0.9768578068912988
MAFK	-0.9525466488806743	-0.4369555817065235	-1.0688518557219782	0.08987616159186536	-1.9860930652996192	-1.4927894693524473	-0.8071693088084908
MAX	-1.6169531538284387	-1.5849481079737007	0.2378814394343609	-1.121146582826747	-1.2758059283727379	-0.44604835818547883	-1.386932043643891
MEF2A	-1.2903768481156896	0.24178617772420535	-1.1082841584452021	-1.1222490063906383	-1.808621145802607	-1.4927894693524473	0.34402441682169754
MEF2C	-1.6169531538284387	-1.5849481079737007	-0.1517115400294123	-1.2484659620808498	-1.9596255212406932	0.10833058050445397	-0.8527126496889719
MEF2D	-1.3097853033714277	0.32200209461168083	-0.8416143162929255	-1.2484659620808498	-1.9860930652996192	-1.4927894693524473	0.2592263719873053
MEIS1	1.0240040061586204	1.2125035450060695	-1.5208410151355243	-1.2484659620808498	-1.9860930652996192	-1.4927894693524473	-1.3862039001870852
MEIS2	0.10916226445706716	0.21487598864068058	-1.5208410151355243	-1.2484659620808498	-1.9860930652996192	-0.2376705994664928	-1.386932043643891
MEIS3	-0.0573576333550894	0.037161185516558407	-1.5208410151355243	0.15628091050970153	-1.9860930652996192	-1.4927894693524473	-1.3869320436434018
MEOX1	-1.6169531538284387	-1.5849481079737007	1.7859065886572647	-1.2484659620808498	-1.9860930652996192	-1.4927894693524473	-1.386932043643891
MGA	-1.6169531538284387	-1.5849481079736705	-1.5208410151355243	2.0841316147927347	-1.9860930652996192	-1.4927894693524473	-1.386932043643891
MITF	0.6937245545748859	-0.6166893553726852	-1.5208410151355243	-1.2484659620808498	-1.9471770752117012	-0.1206626464297937	-1.3285826049245593
MLX	-0.2190191801001269	-1.1202497931812998	-1.5208410151355243	-0.5919432171708414	0.26001480001687394	-1.4927894693524473	-1.251096602578218
MLXIP	-0.0018537348108138491	-1.5849468763884285	-1.5208410151355243	-1.1642932724954602	-1.2930908995600559	0.21493534760973648	-1.0833861195489811
MLXIPL	-1.6169531538284387	-1.5849481079737007	-1.5208410151355243	-1.2484659620808498	-1.7879321993994108	1.880288176802825	-1.386932043643891
MNT	0.6901876006858392	-1.5849324093535722	-0.689942236090508	-1.1528467063730845	-1.4293931421623198	-1.4927894693524473	-0.4941404517422705
MNX1	-1.6169531538284387	-1.5559240299601813	-1.5208410151355243	-1.2484659620808498	-1.9860930652996192	2.001782719225032	-1.3869313749997052
MSC	-0.9700537049755109	-1.056807546591933	1.0862690807353148	-1.2484659620808498	-1.9860930652996192	-1.4927894693524473	-1.386932043643891
MSX1	-0.7602137175866371	1.1096915048306055	-1.5208410151355243	-1.2484659620808498	-1.9860930652996192	-0.29456110871416336	-1.386932043643891
MTF1	-0.362434388079479	0.5918943620287405	-1.4701539104886772	-0.9961944304764058	-1.399272038844827	-1.190719277921501	-1.070953090498594
MXD1	-1.6169531538284387	-1.5849481079737007	-1.5208410151355243	-1.2484659620808498	-1.7756492644976387	1.7657366083428847	-1.2456986314672152
MXD4	0.7217863594462419	-1.5817664443575812	-0.21366992853606695	-1.2484659620808498	-1.9860930652996192	-1.4927894693524473	-0.5436089911891875
MXI1	-1.6169531538284387	-1.5849481079737007	-1.5208410151355243	-0.6885750974476796	0.9294163689153708	-0.5590527385508113	-1.386932043643891
MYB	-1.6169531538284387	-1.5849481079737007	-1.5208410151355243	-1.2484659620808498	-1.9860930652996192	2.040562788068638	-1.386932043643891
MYBL1	1.3051051903122652	0.9509264343287559	-1.5208410151355243	-1.2484659620808498	-1.9860930652996192	-1.4927894693524473	-1.3869320436335983
MYBL2	-1.6169531538284387	-1.5849481079737007	-1.5208410151355243	-0.31971126981087944	0.10883144773138573	-0.37209472590595927	-1.386932043643891
MYC	-1.6169531538284387	-1.5849481079737007	0.03012219317661848	-1.1117001134604882	-1.6307424746338222	0.01823584988331535	-1.3869320436328512
MYCN	-1.1744636734661285	-1.5849481079737007	-1.5208410151355243	-0.3519102524568232	0.1036709166072951	-1.4927894693524473	-0.3443508543668466
MZF1	-1.5864098758952292	-1.5849481079737007	-1.5121114883084728	-1.014440682450245	-1.160392090938419	1.1982119083222953	-1.386932043643891
NANOG	-1.6169531538284387	-1.5849481079737007	-1.5208410151355243	2.110609004123814	-1.9860930652996192	-1.4927894693524473	-1.386932043643891
NEUROG2	-1.6169531538284387	-1.5849481079737007	1.800080369512318	-1.2484659620808498	-1.9860930652996192	-1.4927894693524473	-1.386932043643891
NFAT5	-0.6824328117700831	2.08826309907855	-1.5208410151355243	-1.2484659620808498	-1.9860930652996192	-1.4927894693524473	-0.802617330064137
NFATC1	-1.6169531538284387	-1.5849481079737007	0.22152555843370333	-1.2484659620808498	-1.958438879020515	0.05991208790745054	-1.2524117812689741
NFATC2	-0.7819654633450998	2.2942524264961266	-1.5208410151355243	-1.2484659620808498	-1.9860930652996192	-1.4927894693524473	-0.8980373072061311
NFATC3	-0.9914145364482734	1.222595585917617	-1.5208410151355243	-1.2484659620808498	-1.9860930652996192	-1.4927894693524473	-1.045094796007827
NFATC4	-0.6864467309629606	2.1158434129887045	-1.5208410151355243	-1.2484659620808498	-1.9860930652996192	-1.4927894693524473	-0.8222471108874612
NFE2	-1.6169531538284387	-1.5849481079737007	-1.5208410151355243	-1.2484659620808498	-1.9860930652996192	1.0199039683063242	-0.15288019951134144
NFE2L1	-1.082322660385251	-0.5507688441623372	-0.8639037778063643	-1.2484659620808498	-1.9860930652996192	0.31429173219059453	-1.386932043643891
NFE2L2	0.30351101451081697	-1.2052800843443312	-1.5208410151355243	-1.2484659620808498	-1.977219175966019	-0.503071651667637	-0.03758983311792962
NFE2L3	-1.6169531538284387	-1.5849481079737007	-1.5208410151355243	-1.2484659620808498	-1.9860930652996192	-1.4927894693524473	-1.386932043643891
NFIA	-0.9613769723978939	-1.117435400027205	-1.5164439127817992	-1.2484659620808498	-1.8477583686636443	1.2194981844741786	-1.386932043643891
NFIB	-1.6169531538284387	-1.5849481079737007	-0.9363778445928354	-0.20722715711866188	0.48752169261674355	-1.3778785943749345	-1.386932043643891
NFIC	1.4420882978508194	0.8247248973174838	-1.5208410151355243	-1.2484659620808498	-1.9860930652996192	-1.4927894693524473	-1.3869320435933044
NFIL3	-1.6169531538284387	1.4225643934614012	-1.5208410151355243	-1.2484659620808498	-1.9781270245609643	-0.9549738086700095	-0.181956666031386
NFIX	0.8184540540163596	0.3803010180625656	-0.867793009400982	-1.2484659620808498	-1.9860930652996192	-1.4927894693524473	-1.3869320436437
NFKB1	0.2494116034959781	-1.0537874835055328	0.07120230221479189	-1.2484659620808498	-1.9860930652996192	-1.4927894693524473	-0.9955310794409361
NFKB2	-1.6169531538284387	-1.5849481079737007	0.3985149148404779	-0.936417845041838	-0.34841228981746264	-1.4927894693524473	-1.386932043643891
NFYA	-0.3676062766194474	-0.9767542256026275	-1.5208410151355243	-0.6637900433282671	-0.36861777544280944	-0.8784551912586733	-1.386932043643891
NFYB	0.2639886373847739	-0.5989943720222866	-1.3880855237486136	-0.7065736454539785	-0.5614887891196255	-1.4927894693524473	-1.386932043643891
NPAS2	2.013360031047679	-1.5838212903928783	-1.5208410151355243	-1.2484659620808498	-1.9860930652996192	-1.4927894693524473	0.15803124405799077
NR1D1	1.7955507942850408	0.4780226343260694	-1.5208410151355243	-1.2484659620808498	-1.9860930652996192	-1.4927894693524473	-1.3869320436438848
NR1H2	-1.6169531538284387	-1.5849481079737007	0.30994836791569746	-1.2484659620808498	-1.923293240248483	0.05967636197380216	-1.386932043643891
NR1H3	-0.19248985055063378	-0.38486130472985497	-1.5208410151355243	-0.6791533006512267	-0.6086365614389289	-1.200063174035017	-1.3869320436159673
NR2C2	-1.3024686310948053	-1.5849481079737007	-1.5208410151355243	-0.5206651810943439	-0.12889426576789492	-0.19352282275006374	-1.386932043643891
NR2F1	2.0674975487818408	0.23985965999346465	-1.5208410151355243	-1.2484659620808498	-1.9860930652996192	-1.4927894693524473	-1.386932043643891
NR2F2	0.757049152175647	-0.49480875082302556	-1.5208410151355243	-1.2484659620808498	-1.9503250084386647	-0.19113657011893712	-1.386932043643891
NR2F6	-1.436630347253358	-1.5849481079737007	-1.5208410151355243	-0.4061330755057633	0.15601965002547308	-0.42582988304909486	-1.386932043643891
NR3C1	-0.49243925589712634	-0.8443030246977764	-0.06444054501739575	-1.2484659620808498	-1.9860930652996192	-1.4927894693524473	-0.4025449908433287
NR3C2	-1.6169531538284387	-1.5849481079737007	-1.5208410151355243	2.1111885630367615	-1.9860930652996192	-1.4927894693524473	-1.386932043643891
NR4A1	-1.6169531538284387	-1.5849481079737007	1.7450801470698623	-1.2484659620808498	-1.9733062329395301	-1.4927894693524473	-1.386932043643891
NR4A2	-1.6169531538284387	-1.5849481079737007	-0.351624041836056	-0.5359358607064989	0.2432827629691662	-1.4927894693524473	-1.386932043643891
NR5A2	-1.6169531538284387	-1.5849481079737007	-1.5208410151355243	0.07373560631954784	1.1134474518661892	-1.4927894693524473	-1.386932043643891
NR6A1	-1.6169531538284387	-1.5849481079737007	-1.5208410151355243	-1.2484659620808498	-1.8073715562074288	0.35610498718347045	-1.386932043643891
NRF1	1.587244338441382	-1.5849481079737007	-1.5208410151355243	-1.2484659620808498	-1.9313327032849406	0.006214224599995414	-1.386932043643891
NRL	0.14677361847399784	-0.05517136006148027	-1.5208410151355243	-1.2484659620808498	-1.9860930652996192	-0.20463171318882584	-1.2313875167883013
ONECUT2	-1.6169531538284387	-1.5849481079737007	-1.5208410151355243	-0.30616961781600044	-0.04161833747102152	-0.4581561390831269	-1.196035078480635
OSR2	-1.6169531538284387	-1.5849481079737007	-1.5208410151355243	-1.2484659620808498	-1.9860930652996192	-1.4927894693524473	-1.386932043643891
OTX2	-1.6169531538284387	-1.5849481079737007	-1.5208410151355243	2.1096216343479246	-1.9860930652996192	-1.4927894693524473	-1.386932043643891
PATZ1	-1.6169531538284387	-1.5849481079737007	-1.5208410151355243	-0.2982333068841951	1.2877438180599101	-1.216919025421714	-1.386932043643891
PAX3	-1.6169531538284387	2.094740025818428	-1.5208410151355243	-1.2484659620808498	-1.9860930652996192	-1.4927894693524473	-0.0769494595995945
PAX5	-1.6169531538284387	-1.5849481079737007	1.7897572632943821	-1.2484659620808498	-1.9860930652996192	-1.4927894693524473	-1.386932043643891
PAX6	-1.6169531538284387	-1.5849481079737007	-1.5208410151355243	-1.2484659620808498	-1.9860930652996192	-1.4927894693524473	-1.386932043643891
PAX8	0.45868706515009144	-0.7956942367573088	0.09067168977736383	-1.2484659620808498	-1.9860930652996192	-1.4927894693524473	-1.3848176185709882
PBX1	-0.3378913183798736	-0.4209527409664153	-1.5208410151355243	-0.44221327178042014	-0.37918933405574073	-1.4927894693524473	-1.386932043643891
PBX2	-1.6169531538284387	-1.5849481079737007	-1.5208410151355243	0.08306375924038174	1.0995363947504668	-1.4927894693524473	-1.386932043643891
PBX3	-0.05632060868437771	-0.14443594257298278	-0.9211149967253197	-0.8540394815115202	-1.200371861498583	-1.4927894693524473	-1.386932043643891
PITX1	0.04448292184316244	1.6125249343212555	-1.5208410151355243	-1.2484659620808498	-1.9860930652996192	-1.176457247714393	-1.3454281404526964
PITX2	0.20411511637571064	1.9803114524983363	-1.5208410151355243	-1.2484659620808498	-1.9860930652996192	-1.4927894693524473	-1.3868427791494244
PKNOX1	-0.40935754045601036	-0.36684525353326375	-1.5208410151355243	-0.5551590497999198	-0.7076795298287472	-1.1363006523307462	-1.3869320436438908
PLAG1	-1.4041892932174402	-1.4246744713280732	-1.5208410151355243	-0.4948397552647242	1.2983991426494772	-1.4927894693524473	-1.1788580605345875
PLAGL1	1.9428394777633884	-1.5849481079737007	-0.5256350803698004	-1.2484659620808498	-1.9860930652996192	-1.4927894693524473	-1.0946784081875156
POU2F1	-1.6169531538284387	-1.5849481079737007	-1.5208410151355243	-0.3038320598088674	-1.9860930652996192	1.0497983822708865	-1.386932043643891
POU2F2	-1.6169531538284387	-1.5849481079737007	1.7385042115956673	-1.2484659620808498	-1.9860930652996192	-1.4181260794301	-1.386932043643891
POU2F3	-1.6169531538284387	-1.5849481079737007	1.8080935084702863	-1.2484659620808498	-1.9860930652996192	-1.4927894693524473	-1.386932043643891
POU3F1	-1.6169531538284387	-1.5849481079737007	1.8082688806290177	-1.2484659620808498	-1.9860930652996192	-1.4927894693524473	-1.386932043643891
POU3F4	-1.6169531538284387	-1.5849481079737007	-1.5208410151355243	2.109070841945391	-1.9860930652996192	-1.4927894693524473	-1.386932043643891
POU4F1	-1.6169531538284387	-1.5849481079737007	-1.5208410151355243	-1.2484659620808498	-1.9860930652996192	-1.4927894693524473	-1.386932043643891
POU5F1	-1.6169531538284387	-1.5849481079737007	-1.5208410151355243	0.8138148330010536	-0.12279486453604027	-1.4927894693524473	-1.386932043643891
POU6F1	-1.6169531538284387	1.5810104244695247	-1.5208410151355243	-1.2484659620808498	-1.976052917224257	-0.4100762433379239	-0.9859423216571971
POU6F2	-1.6169531538284387	-1.5849481079737007	-1.5208410151355243	-0.2050848653573186	-1.9860930652996192	0.7514312692696642	-1.1861717923124657
PPARA	-0.09004598644364085	-0.6603809724648506	0.3216841710482844	-1.2484659620808498	-1.9860930652996192	-1.4927894693524473	-1.386932043643891
PPARD	0.18029099556709366	-0.5785960155329927	-0.2618960706078836	-1.12261445134374	-1.597217437737966	-1.4927894693524473	-1.3869320436066295
PPARG	0.40010438548143834	-0.41449583034604925	-0.11887915447567107	-1.2484659620808498	-1.9860930652996192	-1.4927894693524473	-1.38693201839599
PRDM1	-1.3960195739558363	-1.1488714071357558	-1.5208410151355243	-1.2484659620808498	-1.984380742285163	-0.9356673452302721	1.7678990397943444
PRDM14	-1.6169531538284387	-1.5849481079737007	-1.5208410151355243	-0.2788907303434628	1.5919606658324752	-1.4927894693524473	-1.386932043643891
PRRX1	-0.6328446717075132	1.0155186530100244	-0.966247600319134	-1.2484659620808498	-1.9860930652996192	-1.4927894693524473	-0.6622369301564056
PRRX2	-0.38630606686425	1.3036032359960934	-1.205479483918816	-1.2484659620808498	-1.9860930652996192	-1.4927894693524473	-0.7791033330910754
RARA	-0.13219231549611746	-0.6290545763024331	-1.5208410151355243	-0.636683157560571	-0.06844813957108731	-1.4927894693524473	-1.386932043643891
RARB	1.6986092688807657	0.5788240487822283	-1.5208410151355243	-1.2484659620808498	-1.9860930652996192	-1.4927894693524473	-1.386932043643891
RARG	-0.010036771259758838	-0.6416389647083328	-1.3342007652071255	-0.6337495784883436	-0.45552545508020675	-1.4927894693524473	-1.386932043643891
REL	-1.6169531538284387	-1.5849481079737007	-1.5208410151355243	-0.4225541491456433	0.2842440141215653	-0.3951964461045435	-1.386932043643891
RELA	0.07288032677813061	-0.9533971124679196	-0.7385473003164746	-1.2484659620808498	-1.9535613620159833	-0.5284491158799378	-1.093007035725621
REST	-0.3512722432987275	-0.9348404658297288	-0.9446224377467543	-0.5876756778526616	-0.5282941276114254	-1.4927894693524473	-1.386932043643891
RFX1	-1.6169531538284387	-1.5849481079737007	-1.5208410151355243	-0.5808827340807071	0.4786270938605792	-0.36366958628966783	-1.386932043643887
RFX2	1.051321835301001	-0.8160986792434326	-1.5208410151355243	-1.2484659620808498	-1.9860930652996192	-1.1456172280916577	-0.16830855277294243
RFX3	-1.6169531538284387	-1.5849481079737007	-0.15832129074663784	-0.6986224256219635	0.1892839181996498	-1.4927894693524473	-1.386932043643891
RFX4	-1.6169531538284387	-1.5849481079737007	-1.5208410151355243	-0.20134007640835727	1.514783285705135	-1.4927894693524473	-1.386932043643891
RFX5	-1.616953106777554	-1.4549655593253246	0.010037757650697256	-0.49039149708587454	-0.49340446856301884	-1.4927894693524473	-1.386932043643891
RFX7	-0.863810287156261	-0.8883452517484411	-1.5208410151355243	-0.23835711568254378	-0.18731122648026416	-1.1954782758888551	-1.3869320436438834
RORA	-0.5851135908380521	-0.9821958656692817	-0.6769036999100447	-0.6541832420804605	-0.5780627234479258	-1.4927894693524473	-1.3869320435349355
RREB1	-0.6562248443460176	-1.5849481079737007	-1.0736852529294623	-1.075523971640843	-1.1041716943427924	-0.40757849078789954	-0.6872839569394961
RUNX1	-0.14114372469545997	-0.3191355083379306	-1.5208410151355243	-1.2484659620808498	-1.968815649967649	-0.09585717351709344	-0.9421864920256803
RUNX2	-0.0055593371638211425	-0.09702884349741024	-1.5208410151355243	-1.2484659620808498	-1.9709611166273966	-0.19757873229390896	-1.104129843246421
RUNX3	-1.6169531538284387	-1.5849481079737007	1.795786041649255	-1.2484659620808498	-1.9860930652996192	-1.4927894693524473	-1.386932043643891
RXRA	0.6390255035575153	-0.06116170961879924	-1.5208410151355243	-1.2484659620808498	-1.9860930652996192	-1.4927894693524473	-0.026736825901735758
RXRB	0.2973505796620239	-0.3315061674423546	-0.9122907623736828	-1.2484659620808498	-1.9860930652996192	-1.4789798836557146	-0.3489249178350732
SHOX2	-0.496782099141928	1.3855639997988618	-1.5208410151355243	-1.2484659620808498	-1.9860930652996192	-1.4927894693524473	-0.3526024620097479
SIX1	0.040559658022008116	0.3099157986819786	-1.5208410151355243	-1.2484659620808498	-1.9860930652996192	-1.4927894693524473	0.10879815063323205
SIX2	0.11575079168981699	0.5451038086653285	-1.5208410151355243	-1.2484659620808498	-1.9860930652996192	-1.4927894693524473	-0.1430919267232072
SIX3	-1.6169531538284387	-1.5849481079737007	-1.5208410151355243	0.29568898991307874	0.7490425029970635	-1.4927894693524473	-1.386932043643891
SIX4	0.10274672022100557	0.5242202028679709	-1.5208410151355243	-1.2484659620808498	-1.9860930652996192	-1.4927894693524473	-0.1157043551470347
SMAD2	-0.6417175138702064	-0.9790987246636575	-1.2658199228416962	-0.5664936745852843	-0.35027865993859386	-1.0879971044988694	-1.386932043643891
SMAD3	0.05140796503480359	-0.6382368975093792	-0.22843673519608587	-1.2484659620808498	-1.985669665690758	-0.9993916099856649	-1.386932043643891
SMAD4	0.2788982626952392	-0.34982157675629194	-0.4339591855541145	-1.2484659620808498	-1.9860930269303272	-1.1216042447197008	-1.386932043643891
SNAI2	-1.6169531538284387	-1.5849481079737007	-1.5208410151355243	-1.2484659620808498	-1.9860930652996192	-1.4927894693524473	-1.386932043643891
SOX11	-1.6169531538284387	-1.5849481079737007	-1.5208410151355243	2.1032313552316304	-1.9860930652996192	-1.4927894693524473	-1.386932043643891
SOX12	-0.9299461433451779	-0.20872461952682367	-1.5208410151355243	0.4569336865141337	-1.9860930652996192	-1.096535343313869	-1.386932043643891
SOX13	-1.6169531538284387	-1.2560109564521658	-1.5208410151355243	1.9007055617539437	-1.9860930652996192	-1.4927894693524473	-1.38693204364309
SOX18	-1.6169531538284387	-1.5849481079737007	1.8041290273845982	-1.2484659620808498	-1.9860930652996192	-1.4927894693524473	-1.386932043643891
SOX21	-1.6169531538284387	-1.5849481079737007	-1.5208410151355243	2.1064560247133834	-1.9860930652996192	-1.4927894693524473	-1.386932043643891
SOX3	-1.6169531538284387	-0.24804690059279128	-1.5208410151355243	1.1065969784452654	-1.9860930652996192	-1.4927894693524473	-1.2772561175009778
SOX4	-1.6169531538284387	-1.5849481079737007	-1.5208410151355243	2.1091897767594796	-1.9860930652996192	-1.4927894693524473	-1.386932043643891
SOX5	-1.6169531538284387	-1.5849481079737007	0.26782790433537984	-1.1019357981409292	-1.9860930652996192	-0.000336830591006934	-1.386932043643891
SOX6	-1.6169531538284387	-1.4771754772692371	-1.5208410151355243	-1.2484659620808498	-1.9860930652996192	1.9674470270363036	-1.386932043643891
SOX8	-1.6169531538284387	-1.5849481079737007	-1.5208410151355243	2.1082603126899584	-1.9860930652996192	-1.4927894693524473	-1.386932043643891
SOX9	-1.6169531538284387	-1.5849481079737007	1.8031308048842578	-1.2484659620808498	-1.9860930652996192	-1.4927894693524473	-1.386932043643891
SP1	0.676425748000643	-0.8587440560520679	-1.5208410151355243	-1.0535133301817623	-1.4401707374427566	-0.45366287525105686	-1.386932043643891
SP2	-1.1254191619960308	-1.5849481079737007	-1.5208410151355243	-0.4514072534465141	0.03844055399587684	-0.4914789999383017	-1.386932043643891
SP3	-0.5265809517449807	-1.2151725320546938	-1.4518411570369338	-0.696676681816406	-0.6055490015438407	-0.4866052523329884	-1.386932043643891
SP4	-1.6169531538284387	-1.5849481079737007	-0.6407893269046043	-0.6076305097760777	-0.42391706906734716	-0.6316437997254952	-1.386932043643891
SPI1	-1.6169531538284387	-1.5849481079737007	-1.5208410151355243	-1.2484659620808498	-1.9860930652996192	2.0419974557275946	-1.386932043643891
SPIB	-1.6169531538284387	-1.5849481079737007	1.7989692555183237	-1.2484659620808498	-1.9860930652996192	-1.4927894693524473	-1.386932043643891
SREBF1	-1.6169531538284387	-1.5849481079737007	-1.5208410151355243	-0.7606968885565922	0.8555180717025225	-0.43810085639067053	-1.386932043643891
SREBF2	-1.6169531538284387	-1.5849481079737007	-0.870081156225959	-1.050815740129158	-0.6122169123447411	0.18090747955753644	-1.3869320436438903
SRF	-0.8555246709441577	-1.5849481079737007	-1.5208410151355243	-0.559260448243108	0.29915047721142524	-0.7293424849583412	-1.386932043643891
STAT1	-0.740731358533109	0.49707836012290557	-0.5845088736390048	-1.2484659620808498	-1.9860930652996192	-1.4927894693524473	-0.6520196480159741
STAT2	-1.0069416527890487	0.27787788088547904	-1.3607562914728861	-1.2484659620808498	-1.9860930652996192	-1.4927894693524473	0.7196492332666934
STAT3	-0.7751788226549517	0.08724814945567094	-0.3212677948413702	-1.2484659620808498	-1.9860567382130365	-1.0003650363443573	-1.2433526427825543
STAT4	-0.5455379191884312	0.5135889102116239	-0.30518778276261804	-1.2484659620808498	-1.9860930652996192	-1.4927894693524473	-1.1838885610702172
STAT5A	-1.6169531538284387	-1.4453500113179747	-0.09496165136091536	-1.2484659620808498	-1.9623758738698607	0.14443661899101765	-1.073790511655644
STAT5B	-1.6169531538284387	-0.8929969750419452	-1.5109242956425477	-1.2484659620808498	-1.9313146570848627	0.9131708633609045	-0.6757745047984551
STAT6	-0.8651468889786432	0.5582561875012508	-1.5208410151355243	-1.2484659620808498	-1.969344655600026	-0.7874637861540691	-0.2748615794508255
TAL1	-1.6169531538284387	-1.5849481079737007	-1.5208410151355243	-1.2484659620808498	-1.9860930652996192	1.702790404503711	-0.9910218907662653
TBP	0.5685249721548747	-0.4369228689910918	-1.5208410151355243	-1.2484659620808498	-1.9612003031726097	-0.1035139019750389	-1.386932043643891
TBX1	-1.6169531538284387	-1.58268471252546	-1.5208410151355243	-1.2484659620808498	-1.9860930652996192	2.038089736652317	-1.386932043643891
TBX15	0.9207064990663103	1.3095876284975134	-1.5208410151355243	-1.2484659620808498	-1.9860930652996192	-1.4927894693524473	-1.386932043643891
TBX18	-0.058300432312964647	0.2959787299038317	-1.5208410151355243	-1.2484659620808498	-1.9860930652996192	-0.1878924096615289	-1.386932043643891
TBX19	-1.6169531538284387	-1.5849481079737007	-1.5208410151355243	-1.2484659620808498	-1.9860930652996192	-1.4927894693524473	-1.386932043643891
TBX2	1.006687977195739	1.22749104829706	-1.5208410151355243	-1.2484659620808498	-1.9860930652996192	-1.4927894693524473	-1.386932043643891
TBX3	1.067483099491797	1.172625282096673	-1.5208410151355243	-1.2484659620808498	-1.9860930652996192	-1.4927894693524473	-1.386932043643891
TBX5	1.1373723200409884	1.1091785182837037	-1.5208410151355243	-1.2484659620808498	-1.9860930652996192	-1.4927894693524473	-1.3869320431950614
TCF12	0.16773677140803228	-0.34666305949179593	-1.5208410151355243	-0.1944238662110906	-1.9860930652996192	-1.005212558139953	-1.386931966276099
TCF21	-1.6169531538284387	-1.5849481079737007	-1.5208410151355243	0.05685053487236661	1.135824489807846	-1.4927894693524473	-1.386932043643891
TCF3	-0.6177649848120699	-0.90926818889908	-1.5208410151355243	-0.2304250919568652	-0.05254661160636887	-1.4366650268935666	-1.386932017351063
TCF4	0.2616729554293462	-0.3370037029712193	-1.5208410151355243	0.13179952531329567	-1.9860930652996192	-1.4927894693524473	-1.2912168695804855
TCF7	-1.6169531538284387	-1.5849481079737007	0.8828889382933917	-0.3165352587749846	-1.9860930652996192	-1.4927894693524473	-1.386932043643891
TCF7L1	-1.6169531538284387	-1.5849481079737007	-1.5208410151355243	2.0792096370010227	-1.9860930652996192	-1.4927894693524473	-1.373788893953191
TCF7L2	-1.6169531538284387	-0.8669838417422844	-1.5208410151355243	0.12515385399675405	-1.9860930652996192	-1.4927894693524473	0.6036017343010323
TCFL5	-0.68906505022063	-1.5849481079737007	-1.5208410151355243	-1.2484659620808498	-1.8195787429971275	1.3419335250375848	-1.386932043643891
TEAD1	0.6870980271496294	0.5124396676149555	-1.5208410151355243	-0.9865250080476939	-1.9860930652996192	-1.4927894621455546	-0.8818877573381135
TEAD2	-0.9121517908444606	-0.9584483270822005	-1.5208410151355243	1.2955594576414309	-1.9860930652996192	-1.4927894693524473	-1.3869320436438908
TEAD3	0.3345655109487772	0.1348845375274361	-1.5208410151355243	-1.2484659620808498	-1.9860930652996192	-0.32598657503003065	-1.386863743623048
TEAD4	-1.6169531538284387	-1.5849481079737007	-1.5208410151355243	2.1111642632414136	-1.9860930652996192	-1.4927894693524473	-1.386932043643891
TEF	-0.7463075249318069	0.6514605938059878	-1.5208410151355243	-0.4191144210294438	-1.9860930652996192	-0.8808646472394246	-1.369722432219986
TFAP2A	-0.22804871268824464	-1.5849481079737007	-1.5208410151355243	-1.2484659620808498	-1.9860930652996192	-1.3451026233750614	1.6807023679558306
TFAP2C	-1.2387420817122885	-1.5849481079737007	0.4901033414032684	-1.2484659620808498	-1.9860930652996192	-1.4927894693524473	0.032450854520835744
TFAP2E	1.37348986535983	-1.5849481079737007	-1.5208410151355243	-1.2484659620808498	-1.9409325477964092	0.14449020612349503	-1.3867970045806914
TFAP4	-0.10456833850461265	-0.6918586269260906	-1.5208410151355243	-0.5431607639989038	-0.17180725478603265	-1.4927894693524473	-1.386932043643891
TFCP2	0.03692244041751735	-0.8344828868400598	-1.5208410151355243	-0.5055096254250381	-0.21729069570823203	-1.4927894693524473	-1.386932043643891
TFCP2L1	-1.6169531538284387	-1.5849481079737007	-1.5208410151355243	-0.3690190036468699	1.721749780759424	-1.4927894693524473	-1.386932043643891
TFE3	-0.6386904698997752	-1.1206343586649716	-1.5208410151355243	-0.4428485857617958	0.5705740444172762	-1.4927894693524473	-1.386932043643891
TFEB	0.3206020611038902	-0.5182226307471312	-0.002892753414735587	-1.2484659620808498	-1.9860930652996192	-1.4927894693524473	-1.386932043643891
TGIF1	-1.6169531538284387	-1.5673325798010567	-1.5208410151355243	-1.2484659620808498	-1.8753726422279096	1.9427807905742058	-1.386932043643891
THAP1	1.9232272817319815	0.08204907134788512	-1.5208410151355243	-1.2484659620808498	-1.9860930652996192	-1.3016760250071842	-1.386932043643891
THRA	0.24818727535656865	-1.0242728805054053	-1.5208410151355243	-0.7861675911928498	-0.2697859422177357	-1.4927894693524473	-1.0004154390747932
THRB	0.6494377773254405	-1.3032184671899911	-1.5208410151355243	-1.2484659620808498	-1.958486295894726	-0.3416269440131934	-0.4578162345277873
TP53	-0.9900366813070639	-0.9152890614250496	-0.6312645309669757	-1.0804484596723622	-1.5110794623791817	-0.24297239327443815	-1.386932043643891
TP63	-1.6169531538284387	-1.5849481079737007	-1.5208410151355243	-1.2484659620808498	-1.8851236558051812	1.520505697698336	-0.8984587651954001
TP73	-1.6169531538284387	-1.5849481079737007	1.7324506517673048	-1.2484659620808498	-1.9860930652996192	-1.4927894693524473	-1.386932043643891
TRIM28	-1.433616088796866	-1.3520379751633567	-0.5546361747141187	-0.9016902665743735	-1.331570154615068	-1.1607487328894726	-0.03157651480443792
TWIST1	-0.9504064404749827	0.6680091886035785	-1.5208410151355243	-1.2484659620808498	-1.9860930652996192	-1.4927894693524473	0.5793942639390733
TWIST2	-0.972842302177043	0.18172484431779448	-1.5208410151355243	-1.2484659620808498	-1.9860930652996192	-1.4927894693524473	0.9927311703080992
USF1	0.18508541750429522	-0.8011599398457196	-1.5208410151355243	-1.2484659620808498	-1.9101639328513373	0.33736988891853864	-1.386932043643891
USF2	-1.6169531538284387	-1.4734614231315035	-1.1963116205637925	-0.5858907844745299	0.549010387181322	-0.8210043370646792	-1.386932043643891
VDR	1.111565507273388	-0.2968216478403846	-0.7311269724870897	-1.2484659620808498	-1.9860930652996192	-1.3675697923810983	-1.386932043643891
XBP1	-1.1116056949076638	-1.5849481079737007	-1.5208410151355243	-1.237490777817382	-1.9004161013946232	-1.3180923929299615	2.287274685901367
YY1	-0.8938226040398465	-1.247927001431169	-1.5208410151355243	-0.4021736858260688	0.17953629677358193	-1.0147661534448023	-1.386932043643891
ZBTB3	-1.6169531538284387	-1.5849481079737007	-1.5208410151355243	-0.050901457054436286	0.6051985523481297	-1.0192244915666562	-1.3869320435506993
ZBTB33	-0.7772197303746118	-1.5849481079737007	-0.7472455426537606	-0.6052999133037248	-0.08143045788324416	-1.289782612917231	-1.386932043643891
ZBTB49	-1.6169531538284387	-1.5849481079737007	-1.5208410151355243	-1.2484659620808498	-1.9860930652996192	-1.4927894693524473	-1.386932043643891
ZBTB6	-1.6169531538284387	-1.5849481079737007	-1.5208410151355243	-0.24843969687802708	1.596683419178721	-1.4927894693524473	-1.386932043643891
ZBTB7A	2.871236966705274	-0.5125576415059143	-1.5208410151355243	-1.2484659620808498	-1.9860930652996192	-1.4927894693524473	-1.386932043643891
ZBTB7B	-1.6169531538284387	-1.5849481079737007	-1.5208410151355243	-1.2484659620808498	-1.9860930652996192	-1.4927894693524473	-1.386932043643891
ZBTB7C	-1.6169531538284387	-1.5849481079737007	-1.5208410151355243	-0.6434683324702165	2.15266724489514	-1.4927894693524473	-1.386932043643891
ZEB1	0.8056319669389603	0.24630958825466925	-0.7753214508205147	-1.2484659620808498	-1.9860930652996192	-1.4927894693524473	-1.386932043643776
ZFP3	-1.6169531538284387	-1.5849481079737007	-1.5208410151355243	-1.2484659620808498	-1.9860930652996192	-1.4927894693524473	-1.386932043643891
ZFP42	-1.6169531538284387	-1.5849481079737007	-1.5208410151355243	0.12691475740482605	1.0373750009035354	-1.4927894693524473	-1.386932043643891
ZFX	0.7864357305345718	-1.110167029888518	0.003892301633614798	-1.2484659620808498	-1.9860930652996192	-1.3933440376458321	-1.386932043598417
ZIC1	2.6925873315507003	-1.075995973749818	-1.5208410151355243	-1.2484659620808498	-1.9860930652996192	-1.457198946598561	-0.8296679941954127
ZIC2	-1.6169531538284387	-1.5849481079737007	-1.5208410151355243	2.0593824057163395	-1.9860930652996192	-1.4927894693524473	-1.386932043643891
ZIC3	-1.6169531538284387	-1.5849481079737007	-1.5208410151355243	-0.22152555189946685	1.5109264910437723	-1.4927894693524473	-1.386932043643891
ZNF281	0.5020990801272206	-1.5849481079737007	-1.5208410151355243	-0.775194424923477	-0.2162256330496928	-1.150947499538264	-1.2070378601556597
ZNF35	-1.6169531538284387	2.157281423301716	-1.5208410151355243	-1.2484659620808498	-1.985152855287606	-1.4927894693524473	-0.13749665910420342
ZNF354C	1.8214144945639252	0.4694038200702187	-1.5208410151355243	-1.2484659620808498	-1.9860930652996192	-1.4927894693524473	-1.386932043643891
ZNF415	0.0764756180376896	-1.2476164951228867	-1.5208410151355243	-0.6110805348137945	0.30019825985293647	-1.4927894693524473	-1.3869228877056463
ZNF423	-1.6169531538284387	-1.5849481079737007	-1.5208410151355243	-1.2484659620808498	-1.9860930652996192	-1.4927894693524473	-1.386932043643891
ZNF691	-0.38536626146185393	-1.0717201854350786	-1.5208410151355243	-1.1449323211882165	-1.5794893940400192	-0.3429374693534991	-0.31225310608814294
ZNF711	-1.6169531538284387	-1.5849481079737007	-1.0597744393246338	-0.3699365110781697	0.49871688976559586	-1.0825975657926865	-1.386932043643891
ZNF740	0.09694511974025441	-1.5849481079737007	-0.25308929345966247	-1.2484659620808498	-1.930494303080873	-0.40870171112746373	-1.386932043643891
ZSCAN22	-0.5964944827612064	-1.2571352419767605	-1.5208410151355243	-1.2484659620808498	-1.950763492097305	-0.13494149229166744	0.17216181506171435
TOX	-0.958534608212151	-0.7033432623714142	-1.5208410151355243	-0.7041298682989027	-0.7009791909477612	-1.4927894693524473	-0.07642481745464834
TOX2	-1.6169531538284387	-1.5849481079737007	1.7067644564664397	-1.2484659620808498	-1.9860930652996192	-1.4927894693524473	-1.386932043643891
TOX3	-0.9605504854027593	-0.6982885964124685	-1.5208410151355243	-0.71019045738783	-0.7170322206321237	-1.4927894693524473	-0.05778394218500765
TOX4	-0.8127360186162973	-0.3861503251347619	-0.6941030623287195	-1.2484659620808498	-1.9860930652996192	-1.4927894693524473	0.26101469123246
