0.41488473	0.14011347	0.43956187	0.00000000	0.00000000	0.00000000	0.00000000
0.00000000	0.00000000	0.00000000	0.99235314	0.00000000	0.00000000	0.00000000
0.21415039	0.57803340	0.00000000	0.00000000	0.00000000	0.00000000	0.20271749
0.13869930	0.04899202	0.00000000	0.49819614	0.00000000	0.00000000	0.31017404
0.00000000	0.00000000	0.00000000	0.00000000	0.00000000	0.00000000	0.00000000
0.00000000	0.00000000	0.00000000	0.00000000	0.00000000	0.00000000	0.00000000
0.16004416	0.06485250	0.50937961	0.00000000	0.00836080	0.25323929	0.00000000
0.41169324	0.08637750	0.00000000	0.13543542	0.25003405	0.00000000	0.11245968
0.00000000	0.00000000	0.40770289	0.12995610	0.45734077	0.00000000	0.00000000
0.00000000	0.00000000	0.35108762	0.14244912	0.50212914	0.00000000	0.00000000
0.00000000	0.00000000	0.62839316	0.12591885	0.24088662	0.00000000	0.00000000
0.26286625	0.03718971	0.07098891	0.14932128	0.32860373	0.00000000	0.14762643
0.00000000	0.00000000	0.34975751	0.00000000	0.01578161	0.38458506	0.24181644
0.00000000	0.00000000	0.41748487	0.00000000	0.01604405	0.52563444	0.03579895
0.14940435	0.06762442	0.02457852	0.01794899	0.04635443	0.26776012	0.42111215
0.00000000	0.00000000	0.42734080	0.00000000	0.00835812	0.35479455	0.20247722
0.12641811	0.01306345	0.00000000	0.00000000	0.00000000	0.05044116	0.79998480
0.04514924	0.00000001	0.24279851	0.00000000	0.00240070	0.15777550	0.53692493
0.04461751	0.04153997	0.00992288	0.02139341	0.01803954	0.00000000	0.86061608
0.03365662	0.02652326	0.00000000	0.05813739	0.05004028	0.05057883	0.77792255
0.00000000	0.00532647	0.00000000	0.00000000	0.00000000	0.98238769	0.00000000
0.00000000	0.00000000	0.97820514	0.00000000	0.00000000	0.00000000	0.00000000
0.04478648	0.09934730	0.00000000	0.05964836	0.04905748	0.00000000	0.74362410
0.07067678	0.28856168	0.04302626	0.09426027	0.10256282	0.08223492	0.30844415
0.18756720	0.36088877	0.06056790	0.00000000	0.00524171	0.37291540	0.00680335
0.00000000	0.00000000	0.00000000	0.30591387	0.68913248	0.00000000	0.00000000
0.00000000	0.00000000	0.03174750	0.31831084	0.59579675	0.05018592	0.00000000
0.00000000	0.00000000	0.99128018	0.00000000	0.00000000	0.00000000	0.00000000
0.00000000	0.00000000	0.55629105	0.00000000	0.01665277	0.42309096	0.00000000
0.91865338	0.00000000	0.00000000	0.00000000	0.00000000	0.00000000	0.07430041
0.03710428	0.10936666	0.00000000	0.24933131	0.46972986	0.00000000	0.11606228
0.17201825	0.44091238	0.00000000	0.00000000	0.00000000	0.33817806	0.04568102
0.16029839	0.48817014	0.00000000	0.00000000	0.00000000	0.16400604	0.18355900
0.00000000	0.03555350	0.11784322	0.00000000	0.00694022	0.64275555	0.18478924
0.29220613	0.00000092	0.00000000	0.06306484	0.22498965	0.29614329	0.11915312
0.00000000	0.00000000	0.27423937	0.17768802	0.40136970	0.14337443	0.00000000
0.09648658	0.00000000	0.00000000	0.00000000	0.00000000	0.00000000	0.89742919
0.56719669	0.00000000	0.00000000	0.00000000	0.00000000	0.00000000	0.42416229
0.46205445	0.00000000	0.00000000	0.06091275	0.19484122	0.00000000	0.27593659
0.00000000	0.00000000	0.00000000	0.00000000	0.00845214	0.34757987	0.63053254
0.06433522	0.02677483	0.63139514	0.00000000	0.00477542	0.03574421	0.22480321
0.24339739	0.00000000	0.08738080	0.00000000	0.01533491	0.51606937	0.13105766
0.24203635	0.00000000	0.00000000	0.10293896	0.18069917	0.46983349	0.00000000
0.00000000	0.00000000	0.00000000	0.00000000	0.00820525	0.76755639	0.20019169
0.00000000	0.14971927	0.00000000	0.20955857	0.27819028	0.32076659	0.03490793
0.00000000	0.00000000	0.00000000	0.41333728	0.57123823	0.00000000	0.00000000
0.14922930	0.45574849	0.38142613	0.00000000	0.00000000	0.00000000	0.01035441
0.00000000	0.12135519	0.00000000	0.00000000	0.00502743	0.40766333	0.45504236
0.00000000	0.00249675	0.00000000	0.00000000	0.00000000	0.98798166	0.00000000
0.00000000	0.00067295	0.00000000	0.56160767	0.00000000	0.43348372	0.00000000
0.00000000	0.00142897	0.00000000	0.00000000	0.00000000	0.98967771	0.00000000
0.00000000	0.00000000	0.00000000	0.36597186	0.58857676	0.04149040	0.00000000
0.00460179	0.00000000	0.00346481	0.00000000	0.02639626	0.95743380	0.00000000
0.00000000	0.00000000	0.04673191	0.24439395	0.39233053	0.31384880	0.00000000
0.41339999	0.00000000	0.17046637	0.12407016	0.28812640	0.00000000	0.00000000
0.01090898	0.00000000	0.00000000	0.02736176	0.12753815	0.82439047	0.00000000
0.52736177	0.00000000	0.00000000	0.00000000	0.01101414	0.45602569	0.00000000
0.00000000	0.00000000	0.00000000	0.28452478	0.71007471	0.00000000	0.00000000
0.00000000	0.00000000	0.00000000	0.01993299	0.10988539	0.78580761	0.05612317
0.06210104	0.00000000	0.14977212	0.11574456	0.51665200	0.03442943	0.11428961
0.21660473	0.09101653	0.68777435	0.00000000	0.00000000	0.00000000	0.00000000
0.47645820	0.11962363	0.00000000	0.00000000	0.00520387	0.39497765	0.00000000
0.00000000	0.00000000	0.99363926	0.00000000	0.00000000	0.00000000	0.00000000
0.72020834	0.27391997	0.00000000	0.00000000	0.00000000	0.00000000	0.00000000
0.12369411	0.00000000	0.05129441	0.12098600	0.21210728	0.48769030	0.00000000
0.05260896	0.08097961	0.49203874	0.02753294	0.00000000	0.34341078	0.00000000
0.31529388	0.13654300	0.38851473	0.00000000	0.00105492	0.15593476	0.00000000
0.00000000	0.00000000	0.00004154	0.25506470	0.41618908	0.32550628	0.00000000
0.26538533	0.16820364	0.00000000	0.24430347	0.31940127	0.00000000	0.00000000
0.04051867	0.03623209	0.28827565	0.15827768	0.22203145	0.25156819	0.00000000
0.00000000	0.00000000	0.43937444	0.55486348	0.00000000	0.00000000	0.00000000
0.00000000	0.82552358	0.00000000	0.00000000	0.00019103	0.00000000	0.16811680
0.00000000	0.00000000	0.00000000	0.99274467	0.00000000	0.00000000	0.00000000
0.71226980	0.14181808	0.00000000	0.00000000	0.00000000	0.10525048	0.03349325
0.17277230	0.10907296	0.00000000	0.27174253	0.44329036	0.00000000	0.00000000
0.00000000	0.00000000	0.56397077	0.00000000	0.00000000	0.43231915	0.00000000
0.00000000	0.00000000	0.00000000	0.28789893	0.42014353	0.28901318	0.00000000
0.35818107	0.24326263	0.10580091	0.28957994	0.00000000	0.00000000	0.00000000
0.27160478	0.17312219	0.00000000	0.35431794	0.00000000	0.19795308	0.00000000
0.00543830	0.00000000	0.00000000	0.88537842	0.00000000	0.10307634	0.00000000
0.00254360	0.00000000	0.00363318	0.00000000	0.02569257	0.95830537	0.00000000
0.00488366	0.00000000	0.00000000	0.74470165	0.00000000	0.24524136	0.00000000
0.05171904	0.03272100	0.17282655	0.44410958	0.00000000	0.29505702	0.00000000
0.24522975	0.12871346	0.41925026	0.06427871	0.09388480	0.04520544	0.00000007
0.00000000	0.00000000	0.00000000	0.91321889	0.00000000	0.00000000	0.00000000
0.00040741	0.00000000	0.00336771	0.00000000	0.00000000	0.98806978	0.00000000
0.21972842	0.18155451	0.59499857	0.00000000	0.00000000	0.00000000	0.00000000
0.05259020	0.00099849	0.00000000	0.00000000	0.00000000	0.00000000	0.94233842
0.03666819	0.00000000	0.00000000	0.00000000	0.00000000	0.00000000	0.95907277
0.02876285	0.00000000	0.00000000	0.00000000	0.00001976	0.09131632	0.87713146
0.06787389	0.08165808	0.00000000	0.00000000	0.00000000	0.00000000	0.84666991
0.00000000	0.00085517	0.00000000	0.00000000	0.00000000	0.99060763	0.00000000
0.00000000	0.00000000	0.00000000	0.99264041	0.00000000	0.00000000	0.00000000
0.31212771	0.66168358	0.00000000	0.00000000	0.00000000	0.00000000	0.02140975
0.19389645	0.40586987	0.00000000	0.39722941	0.00000000	0.00000000	0.00000006
0.20365424	0.44398148	0.00000000	0.00000000	0.00000000	0.34916727	0.00000335
0.00000000	0.00000000	0.00000000	0.99333189	0.00000000	0.00000000	0.00000000
0.04454525	0.46476498	0.00000000	0.00000000	0.00000000	0.00000000	0.48079180
0.00000000	0.00199795	0.00000000	0.00000000	0.00000000	0.98922354	0.00000000
0.00000000	0.00000000	0.00000000	0.46654963	0.51684349	0.00000000	0.00000000
0.00000000	0.00000000	0.00000000	0.98090201	0.00000000	0.00000000	0.00000000
0.23674068	0.39983036	0.00000000	0.00000000	0.00000000	0.36009942	0.00000000
0.00000000	0.00000000	0.19441337	0.38047242	0.00000000	0.42133856	0.00000000
0.00000000	0.52964974	0.00000000	0.00000000	0.00254270	0.26514102	0.19797203
0.00000000	0.00000000	0.00000000	0.59201627	0.00000000	0.38315476	0.01816345
0.29695543	0.64166148	0.00000000	0.00000000	0.00000000	0.00000000	0.05670820
0.00000000	0.00000000	0.00000000	0.00000000	0.00000000	0.59006183	0.40048472
0.00000000	0.00000000	0.00000000	0.95181351	0.00000000	0.04101143	0.00000000
0.00000000	0.00000000	0.00000000	0.99319858	0.00000000	0.00000000	0.00000000
0.35088971	0.44129163	0.00000000	0.19802245	0.00000000	0.00581689	0.00000000
0.27324648	0.34030416	0.00000000	0.38305479	0.00000000	0.00000000	0.00000000
0.00000000	0.53516741	0.00000000	0.16258941	0.05630475	0.06553221	0.17637037
0.00000000	0.00107526	0.00000000	0.56900004	0.00000000	0.40992142	0.01291983
0.11287458	0.07427550	0.14811983	0.25176427	0.00000000	0.40951927	0.00000000
0.00000000	0.00000000	0.00000000	0.00000000	0.00000000	0.68173690	0.29768614
0.10267496	0.15678271	0.00000000	0.00000000	0.00000000	0.41296941	0.32342394
0.00000000	0.00000000	0.99017869	0.00000000	0.00000000	0.00000000	0.00000000
0.00000000	0.00000000	0.99083448	0.00000000	0.00000000	0.00000000	0.00000000
0.00000000	0.00155937	0.00000000	0.08290439	0.00000000	0.90513126	0.00000000
0.00000000	0.00000000	0.00000000	0.14908053	0.83918304	0.00000000	0.00000000
0.00000000	0.00000000	0.00000000	0.14762390	0.84007583	0.00000000	0.00000000
0.00000000	0.00000000	0.00000000	0.15502118	0.83344914	0.00000000	0.00000000
0.20755714	0.00000000	0.00000000	0.13690762	0.48842698	0.00000000	0.16051261
0.04595397	0.00000000	0.11673800	0.19338935	0.42144194	0.21875437	0.00000000
0.07855372	0.14851175	0.00000000	0.00000000	0.01448943	0.65654402	0.08620010
0.00000000	0.00000000	0.00000000	0.39124934	0.59135459	0.00000000	0.00000000
0.00000000	0.00000000	0.95027272	0.00000000	0.00000000	0.00000000	0.00000000
0.00732399	0.00000000	0.00000000	0.04866194	0.15215319	0.78447663	0.00000000
0.00000000	0.00000000	0.00000000	0.98955712	0.00000000	0.00000000	0.00000000
0.00000000	0.00000000	0.56172581	0.00000000	0.01582237	0.41850128	0.00000000
0.00000000	0.00000000	0.00000000	0.32341630	0.67230572	0.00000000	0.00000000
0.27494609	0.08136077	0.19722261	0.09505557	0.22694849	0.12019221	0.00000000
0.46012815	0.00000000	0.09399629	0.00000000	0.01077068	0.38285922	0.04460195
0.00000000	0.00000000	0.27970063	0.00000000	0.01306126	0.69267370	0.00000000
0.00000000	0.00000000	0.00000000	0.99169926	0.00000000	0.00000000	0.00000000
0.00000000	0.00000000	0.00000000	0.31524794	0.67688137	0.00000000	0.00000000
0.00000000	0.51883768	0.00000000	0.00000000	0.00000000	0.00000000	0.47534717
0.05939183	0.65820598	0.00000000	0.00000000	0.00000000	0.00000000	0.27772233
0.33926001	0.61066848	0.00000000	0.00000000	0.00000000	0.00000000	0.04539995
0.00000000	0.00000000	0.55156324	0.00000000	0.00000000	0.44466541	0.00000000
0.00000000	0.00050479	0.00000000	0.00000000	0.00000000	0.99104111	0.00000000
0.00000000	0.00053542	0.00000000	0.00000000	0.00000000	0.99102127	0.00000000
0.00000000	0.64327231	0.00000000	0.00000000	0.00000000	0.00000000	0.35181129
0.00000000	0.60838526	0.00000000	0.00000000	0.00000000	0.00000000	0.38659535
0.00000000	0.70075081	0.00000000	0.00000000	0.00000000	0.00000000	0.29436357
0.00000000	0.61880021	0.00000000	0.00000000	0.00000000	0.00000000	0.37619449
0.24488867	0.44484900	0.28434021	0.00000000	0.00000000	0.00000000	0.00000000
0.10177944	0.28917754	0.60043538	0.00000000	0.00000000	0.00000000	0.00000000
0.00000000	0.00000000	0.98680324	0.00000000	0.00000000	0.00000000	0.00000000
0.41384400	0.04437794	0.00000000	0.09391666	0.19186663	0.22210453	0.03012556
0.06226792	0.02518439	0.90501196	0.00000000	0.00025476	0.00000000	0.00000000
0.00000000	0.00000000	0.00000000	0.32270007	0.67205532	0.00000000	0.00000000
0.00000000	0.00000000	0.54736231	0.00000000	0.00919929	0.43913868	0.00000000
0.10237979	0.24992324	0.64159009	0.00000000	0.00000000	0.00000000	0.00000000
0.15525311	0.14914914	0.43035803	0.00000000	0.00000000	0.12651677	0.13598643
0.08544666	0.57888334	0.06274164	0.04845135	0.03203181	0.00000000	0.18739200
0.30171292	0.25867184	0.00000000	0.18553093	0.24955755	0.00000000	0.00000000
0.00000000	0.00000000	0.98455551	0.00000000	0.00000000	0.00000000	0.00000000
0.00000000	0.00000000	0.98428932	0.00000000	0.00000000	0.00000000	0.00000000
0.07496343	0.28500118	0.24744529	0.00000000	0.00000000	0.00000000	0.38245281
0.00000000	0.00000000	0.98590655	0.00000000	0.00000000	0.00000000	0.00000000
0.04715840	0.47453918	0.00000000	0.00000000	0.00000000	0.00000000	0.47022513
0.00000000	0.00000000	0.00000000	0.54317222	0.43876658	0.00000000	0.00000000
0.04311967	0.49493618	0.00000000	0.00000000	0.00000000	0.00000000	0.45376891
0.04397808	0.49757111	0.00000000	0.00000000	0.00000000	0.00000000	0.45019095
0.00000000	0.00000000	0.00000000	0.99189234	0.00000000	0.00000000	0.00000000
0.16529970	0.49599841	0.00000000	0.00000000	0.00000000	0.33489196	0.00000046
0.00000000	0.00000000	0.39419479	0.21940842	0.38377668	0.00000000	0.00000000
0.00000000	0.08687991	0.00000000	0.00000000	0.00031708	0.10848019	0.80163659
0.04390889	0.13137058	0.00000000	0.00000000	0.00000019	0.10697919	0.71513555
0.04582756	0.03038879	0.00000000	0.01620753	0.02136010	0.09458318	0.78906406
0.00018602	0.00000000	0.00000000	0.00000000	0.00000000	0.99052114	0.00000000
0.31334664	0.00000000	0.47717408	0.00000000	0.00546649	0.19833692	0.00000000
0.56231340	0.00000000	0.00000000	0.00000000	0.00949981	0.42218389	0.00000000
0.32614013	0.16471738	0.16945960	0.13541226	0.20153721	0.00000000	0.00000000
0.74022681	0.10057684	0.15344150	0.00000000	0.00000000	0.00000000	0.00000000
0.00000000	0.00000000	0.00000000	0.31041670	0.68524189	0.00000000	0.00000000
0.41432116	0.18874948	0.00858157	0.00000000	0.00552993	0.37946791	0.00000000
0.68196254	0.31245846	0.00000000	0.00000000	0.00000000	0.00000000	0.00000007
0.46832896	0.22738227	0.00000000	0.10591275	0.19446073	0.00000000	0.00000000
0.52999464	0.25772109	0.00000000	0.20791858	0.00000000	0.00000000	0.00000000
0.90959528	0.08345803	0.00000000	0.00000000	0.00000000	0.00000000	0.00000000
0.00000000	0.52693101	0.00000000	0.00000000	0.00000000	0.46672526	0.00060966
0.07802116	0.21278891	0.00000000	0.00000000	0.00000000	0.18173321	0.52506357
0.00000000	0.00000000	0.98703113	0.00000000	0.00000000	0.00000000	0.00000000
0.00000000	0.00128636	0.00000000	0.59487098	0.00000000	0.39794194	0.00000000
0.00000000	0.00000000	0.00000000	0.98976464	0.00000000	0.00000000	0.00000000
0.00000000	0.00595441	0.00000000	0.00000000	0.00000000	0.97940330	0.00000000
0.05857466	0.78280925	0.00000000	0.00000000	0.00000000	0.00000000	0.15253224
0.00389906	0.00000000	0.00000000	0.00000000	0.02393367	0.96168141	0.00000000
0.00000000	0.00000000	0.00000000	0.99012687	0.00000000	0.00000000	0.00000000
0.00000000	0.00000000	0.19157022	0.00000000	0.00000000	0.79915011	0.00000000
0.34142193	0.21635042	0.00000000	0.13361732	0.00000000	0.00000000	0.30331922
0.00000000	0.00000000	0.00000000	0.41273572	0.58246402	0.00000000	0.00000000
0.15387997	0.32460541	0.30379088	0.00000000	0.00000000	0.00000000	0.21482611
0.00000000	0.00000000	0.00000000	0.00000000	0.00000000	0.89782073	0.09337068
0.11708456	0.21707581	0.13492011	0.39562405	0.00000000	0.00000000	0.13200742
0.00000000	0.00000000	0.52498388	0.03763657	0.13834028	0.29352541	0.00000000
0.05755068	0.34542021	0.12314945	0.03731069	0.03456562	0.00000000	0.39412518
0.00000000	0.00000000	0.40868922	0.00000000	0.00515500	0.44898343	0.12163756
0.05413043	0.36058837	0.20275119	0.00000000	0.00000000	0.00000000	0.37481733
0.46540078	0.52897477	0.00000000	0.00000000	0.00000000	0.00000000	0.00016579
0.30418345	0.34033172	0.00000000	0.00000000	0.00000000	0.35195835	0.00000000
0.27483860	0.30672733	0.00000000	0.41525380	0.00000000	0.00000000	0.00000000
0.00000000	0.00000000	0.98707399	0.00000000	0.00000000	0.00000000	0.00000000
0.00000000	0.00000000	0.00000000	0.98514104	0.00000000	0.00000000	0.00000000
0.40719752	0.18308965	0.00000000	0.00000000	0.00757954	0.38476953	0.01328571
0.24634991	0.08787057	0.00000000	0.19407309	0.43746702	0.00000000	0.03092866
0.28461974	0.00000023	0.00000000	0.02488208	0.13497375	0.47887736	0.06911502
0.00000000	0.00000000	0.00000000	0.00000000	0.03859514	0.94587285	0.00000000
0.40657422	0.00000297	0.24802575	0.02826577	0.10842661	0.00000000	0.20328163
0.00000000	0.00548821	0.00000000	0.00000000	0.00000000	0.97994215	0.00000015
0.11399939	0.09986697	0.77823011	0.00000000	0.00000000	0.00000000	0.00000000
0.15097829	0.50953387	0.00000000	0.00000000	0.00000000	0.33600521	0.00000000
0.22107667	0.41162275	0.01513025	0.07457337	0.11429319	0.08470602	0.07194592
0.00000000	0.00000000	0.00000000	0.00000000	0.04098744	0.91375049	0.03215774
0.41214269	0.00060163	0.39019445	0.00000000	0.00000000	0.00000000	0.19201803
0.00000000	0.00000000	0.00000000	0.16550797	0.56784415	0.26183691	0.00000000
0.00000000	0.00000000	0.00000000	0.00000000	0.00000000	0.99081679	0.00000000
0.51493764	0.47951272	0.00000000	0.00000000	0.00000000	0.00000000	0.00000000
0.00000000	0.00000000	0.00000000	0.27454691	0.40802153	0.31426336	0.00000000
0.00000000	0.00000000	0.46296713	0.04042902	0.06921046	0.42371922	0.00000000
0.07797739	0.00000000	0.00000000	0.26502865	0.40701644	0.00000000	0.23738754
0.00538247	0.00000000	0.00260579	0.06917964	0.16081905	0.75460615	0.00000000
0.00000000	0.00000000	0.00000000	0.99296796	0.00000000	0.00000000	0.00000000
0.00000000	0.00000000	0.99130490	0.00000000	0.00000000	0.00000000	0.00000000
0.16468518	0.69457359	0.00000000	0.00000000	0.00000000	0.00000000	0.13304387
0.00000000	0.00000000	0.52010160	0.00000000	0.00538611	0.43540600	0.03062921
0.14714511	0.73352446	0.00000000	0.00000000	0.00000000	0.00000000	0.11131749
0.11023509	0.53088309	0.00000000	0.00000000	0.00000000	0.00000000	0.07783365
0.16397783	0.69978880	0.00000000	0.00000000	0.00000000	0.00000000	0.12857432
0.00000000	0.00000000	0.00000000	0.00000000	0.00000000	0.70460533	0.28098390
0.09421488	0.19555467	0.19609772	0.00000000	0.00000000	0.50673872	0.00000000
0.33843242	0.07179206	0.00000000	0.00000000	0.00172834	0.27753503	0.30723461
0.00000000	0.00000000	0.00000000	0.00000000	0.00000000	0.00000000	0.00000000
0.11552844	0.08840275	0.00131255	0.00000000	0.02694299	0.76057521	0.00000000
0.00000000	0.00000000	0.17446399	0.30779806	0.48177778	0.03222312	0.00000000
0.53907739	0.45564906	0.00000000	0.00000000	0.00000000	0.00000000	0.00000000
0.00000000	0.56869552	0.00000000	0.00000000	0.00155152	0.15081338	0.27436342
0.42917789	0.37161221	0.19493677	0.00000000	0.00000000	0.00000000	0.00000000
0.32889879	0.10043804	0.47522966	0.00000000	0.00000000	0.00000000	0.08911892
0.00000000	0.00000000	0.57293345	0.09224378	0.31896568	0.00000000	0.00000000
0.22016526	0.11500439	0.00000000	0.17283462	0.31503033	0.17227060	0.00000000
0.33146762	0.18643563	0.03962791	0.16018747	0.27746547	0.00000000	0.00000000
0.63974934	0.00021307	0.00000000	0.00000000	0.00000000	0.00000000	0.35177599
0.60136606	0.39009056	0.00000000	0.00000000	0.00000000	0.00000000	0.00000000
0.00000000	0.00000000	0.54649607	0.00000000	0.01223131	0.43533990	0.00000000
0.25102502	0.22692640	0.00000000	0.16829313	0.26828266	0.08208582	0.00000000
0.05541981	0.00000000	0.00000000	0.21514341	0.36172048	0.36433820	0.00000000
0.64928968	0.34505592	0.00000000	0.00000000	0.00000000	0.00000000	0.00000000
0.41835685	0.20613626	0.00000000	0.00000000	0.00696643	0.36500735	0.00000000
0.03177726	0.00000000	0.00000000	0.24899997	0.41721223	0.29919504	0.00000000
0.19816666	0.14004981	0.43473987	0.00000000	0.00000000	0.00000000	0.22413719
0.00000000	0.00000000	0.00000000	0.99313928	0.00000000	0.00000000	0.00000000
0.00000000	0.00000000	0.97488717	0.00000000	0.00249045	0.00000000	0.00000000
0.00000000	0.00000000	0.34901474	0.21062928	0.43420817	0.00000000	0.00000000
0.00000000	0.00000000	0.00000000	0.39085278	0.60368728	0.00000000	0.00000000
0.00000000	0.00000000	0.00000000	0.00000000	0.03480900	0.51846392	0.00000000
0.56465741	0.00000000	0.00000000	0.00000000	0.01066550	0.42034813	0.00000000
0.31081149	0.28926802	0.00000000	0.00000000	0.00000000	0.36122306	0.03541627
0.00000000	0.00000000	0.00000000	0.27854992	0.37871893	0.29013016	0.04346574
0.00000000	0.00000000	0.00000000	0.00000000	0.00000000	0.00000000	0.00000000
0.00000000	0.00000000	0.00000000	0.99267608	0.00000000	0.00000000	0.00000000
0.00000000	0.00000000	0.00000000	0.28089596	0.63763441	0.07735913	0.00000000
0.00000000	0.69579833	0.00000000	0.00000000	0.00000000	0.00000000	0.29827274
0.00000000	0.00000000	0.98822342	0.00000000	0.00000000	0.00000000	0.00000000
0.00000000	0.00000000	0.00000000	0.00000000	0.00000000	0.00000000	0.00000000
0.36577821	0.14924132	0.48104133	0.00000000	0.00000000	0.00000000	0.00048144
0.22540175	0.22010181	0.00000000	0.23833439	0.31297134	0.00000000	0.00000000
0.00000000	0.00000000	0.00000000	0.39361025	0.60097787	0.00000000	0.00000000
0.27502135	0.27238883	0.17902000	0.11659545	0.15303233	0.00000000	0.00000000
0.29278538	0.60461547	0.00000000	0.00000000	0.00000000	0.08870536	0.00945011
0.32091645	0.67416084	0.00000000	0.00000000	0.00000000	0.00000000	0.00002032
0.21280767	0.23033309	0.00000000	0.20494676	0.24899239	0.09996600	0.00000000
0.03749416	0.03030641	0.00000000	0.22277760	0.63970971	0.00000000	0.04737681
0.62732190	0.00000000	0.29707193	0.00000000	0.00000000	0.00000000	0.06654386
0.00000000	0.00000000	0.00000000	0.27924092	0.00000000	0.71298827	0.00000000
0.00000000	0.00000000	0.97292423	0.00000000	0.00000000	0.02093698	0.00000000
0.00000000	0.00000000	0.99369685	0.00000000	0.00000000	0.00000000	0.00000000
0.00000000	0.00000000	0.99374920	0.00000000	0.00000000	0.00000000	0.00000000
0.00000000	0.00000000	0.00000000	0.99251326	0.00000000	0.00000000	0.00000000
0.00000000	0.00000000	0.00000000	0.00000000	0.00000000	0.00000000	0.00000000
0.00000000	0.00000000	0.00000000	0.60962579	0.36290844	0.00000000	0.00000000
0.00000000	0.59865634	0.00000000	0.00000000	0.00195549	0.30361265	0.09130221
0.00000000	0.00000000	0.00000000	0.30843134	0.00000000	0.62932066	0.04571153
0.26907812	0.17482793	0.54999924	0.00000000	0.00000000	0.00000000	0.00000000
0.31671806	0.19029278	0.37579881	0.03720266	0.07574002	0.00000000	0.00000000
0.35545452	0.22132276	0.41848978	0.00000000	0.00000000	0.00000000	0.00000001
0.03893386	0.08245847	0.00000000	0.00000000	0.00033350	0.15622726	0.71833024
0.00000000	0.00000000	0.00000000	0.28661377	0.69688572	0.00000000	0.00000000
0.17342381	0.49172657	0.16554778	0.00000000	0.00000000	0.00000000	0.16500738
0.21686990	0.54620096	0.09413635	0.00000000	0.00000000	0.00000000	0.13839782
0.26165091	0.18075149	0.00000000	0.18084762	0.37349337	0.00000000	0.00000000
0.58428261	0.40915126	0.00000000	0.00000000	0.00000000	0.00000000	0.00000000
0.28317769	0.17837189	0.05571267	0.18171481	0.29810360	0.00000000	0.00000000
0.00000000	0.00000000	0.00000000	0.24414578	0.44218606	0.30778522	0.00000000
0.29778969	0.11942102	0.23351700	0.00000000	0.00633609	0.27041872	0.06692441
0.22304371	0.12292993	0.17200296	0.19533460	0.28393069	0.00000000	0.00000000
0.00000000	0.00000000	0.00000000	0.19734265	0.48004541	0.31662593	0.00000000
0.47021485	0.14538301	0.00000000	0.00000000	0.00000000	0.09735346	0.27747099
0.00000000	0.00000000	0.40671619	0.16253791	0.42369100	0.00000000	0.00000000
0.00000000	0.00000000	0.00000000	0.30953833	0.68185414	0.00000000	0.00000000
0.00000001	0.02457862	0.45697186	0.22409254	0.29072603	0.00000000	0.00000000
0.13272206	0.13172179	0.00000000	0.29859581	0.35034280	0.08337151	0.00000000
0.18183519	0.11397542	0.25191780	0.17567446	0.27423742	0.00000000	0.00000000
0.16930366	0.00000000	0.13347732	0.05112296	0.17176892	0.30431307	0.15930437
0.26007346	0.23935460	0.00000000	0.00000000	0.00336507	0.39172544	0.10126507
0.28396672	0.28135312	0.00000000	0.00000000	0.00294720	0.36320085	0.06439184
0.00000000	0.00000000	0.99002303	0.00000000	0.00000000	0.00000000	0.00000000
0.39755822	0.28813529	0.00000000	0.00000000	0.00000000	0.00000000	0.30970576
0.33734680	0.23701541	0.18165406	0.00000000	0.00000000	0.00387246	0.23634606
0.19740134	0.56169906	0.00000000	0.00000000	0.00000000	0.00000000	0.23550871
0.29209401	0.35830296	0.00000000	0.00000000	0.00000000	0.00000000	0.34056601
0.30534451	0.40277505	0.00000000	0.00000000	0.00000000	0.00000000	0.28321262
0.00000000	0.00000000	0.00000000	0.45646388	0.53271333	0.00000000	0.00000000
0.30305288	0.39882613	0.00000000	0.00000000	0.00000000	0.00000000	0.28944855
0.17186020	0.11456106	0.07612455	0.20159616	0.31860217	0.11351120	0.00000000
0.29400574	0.17901519	0.38578652	0.00000000	0.00008246	0.13835781	0.00000000
0.33409506	0.23355212	0.32443746	0.00000000	0.00000001	0.10408715	0.00000000
0.00000000	0.00000000	0.00000000	0.00000000	0.00000000	0.00000000	0.00000000
0.00000000	0.00000000	0.00000000	0.99078707	0.00000000	0.00000000	0.00000000
0.12106732	0.26023238	0.00000000	0.50412903	0.00000000	0.11111693	0.00000000
0.00000000	0.06219927	0.00000000	0.93091891	0.00000000	0.00000000	0.00000000
0.00000000	0.00000000	0.99251344	0.00000000	0.00000000	0.00000000	0.00000000
0.00000000	0.00000000	0.00000000	0.99174030	0.00000000	0.00000000	0.00000000
0.00000000	0.25279686	0.00000000	0.69617441	0.00000000	0.00000000	0.02497235
0.00000000	0.00000000	0.00000000	0.99254842	0.00000000	0.00000000	0.00000000
0.00000000	0.00000000	0.53392299	0.04331542	0.00000000	0.41851110	0.00000000
0.00000000	0.02037891	0.00000000	0.00000000	0.00000000	0.97031379	0.00000000
0.00000000	0.00000000	0.00000000	0.99227366	0.00000000	0.00000000	0.00000000
0.00000000	0.00000000	0.99221546	0.00000000	0.00000000	0.00000000	0.00000000
0.40414905	0.13731913	0.00000000	0.05762947	0.10632749	0.29139016	0.00000000
0.08662023	0.00000000	0.00000000	0.23561658	0.39431173	0.28078582	0.00000000
0.19215006	0.06992148	0.02059666	0.16311308	0.26888401	0.28215251	0.00000000
0.00000000	0.00000000	0.26269804	0.18943580	0.30425986	0.24148104	0.00000000
0.00000000	0.00000000	0.00000000	0.00000000	0.00000000	0.99121910	0.00000000
0.00000000	0.00000000	0.99097323	0.00000000	0.00000000	0.00000000	0.00000000
0.00000000	0.00000000	0.00000000	0.14418823	0.55345122	0.29575403	0.00000000
0.00000000	0.00000000	0.19425375	0.05842690	0.26758532	0.46933533	0.00000000
0.13418219	0.00000000	0.00000000	0.20373436	0.44508934	0.21408454	0.00000000
0.15441156	0.39369383	0.27949793	0.00000000	0.00000000	0.00000000	0.16733377
0.10749884	0.35224485	0.04778577	0.00000000	0.00000000	0.00000000	0.47965200
0.14834108	0.31619836	0.35807617	0.00000000	0.00000708	0.13808484	0.03269190
0.18880938	0.39681584	0.36287610	0.00000000	0.00000000	0.00000000	0.04623140
0.00000000	0.02639684	0.42562923	0.00000000	0.00461932	0.45910823	0.07129987
0.00000000	0.13084219	0.00296017	0.00000000	0.01066901	0.67467541	0.16192498
0.13248652	0.40526205	0.00000000	0.00000000	0.00326203	0.19778626	0.25320970
0.00000000	0.00000000	0.00000000	0.00000000	0.00000000	0.89609922	0.09014563
0.38513432	0.21708199	0.00000000	0.00000000	0.00484828	0.38957835	0.00000000
0.00000000	0.00042799	0.00000000	0.00000000	0.00000000	0.99012330	0.00000000
0.44719725	0.54733256	0.00000000	0.00000000	0.00000000	0.00000000	0.00000000
0.27467246	0.35566757	0.00000000	0.00000000	0.00000000	0.36591707	0.00000000
0.00000000	0.00000000	0.00000000	0.00000000	0.00000000	0.00000000	0.00000000
0.46234928	0.53180878	0.00000000	0.00000000	0.00000000	0.00000000	0.00000000
0.47306285	0.52143412	0.00000000	0.00000000	0.00000000	0.00000000	0.00000000
0.48537903	0.50943687	0.00000000	0.00000000	0.00000000	0.00000000	0.00000000
0.31450570	0.23414937	0.00000000	0.31158281	0.00000000	0.13672551	0.00000002
0.00000000	0.00000000	0.00000000	0.38586142	0.60804558	0.00000000	0.00000000
0.17608122	0.12776544	0.00000000	0.30094058	0.37659046	0.01573832	0.00000001
0.33105954	0.23597588	0.00000000	0.40801691	0.00000000	0.00000000	0.02179359
0.00000000	0.00000000	0.71752053	0.27548576	0.00000000	0.00000000	0.00000000
0.00000000	0.00000000	0.00000000	0.98368606	0.00000000	0.00000000	0.00299259
0.00000000	0.13576105	0.00000000	0.40605240	0.00000000	0.00000000	0.45322889
0.16351642	0.00000000	0.00000000	0.00000000	0.03243145	0.79490833	0.00000000
0.40602977	0.39659853	0.00000000	0.07743173	0.00000000	0.00000000	0.11499461
0.12420311	0.11846588	0.00000000	0.75203315	0.00000000	0.00000000	0.00000000
0.34390498	0.32520600	0.00000000	0.00000000	0.00000000	0.32719294	0.00001555
0.00000000	0.00000000	0.00000000	0.99313209	0.00000000	0.00000000	0.00000000
0.15342890	0.42288623	0.00000000	0.24516259	0.00000000	0.17159495	0.00391849
0.24475869	0.00000000	0.00000000	0.00000000	0.00000000	0.04141410	0.69847624
0.06664997	0.00000000	0.60027287	0.00000000	0.00000000	0.00000000	0.32318233
0.52698868	0.00000000	0.00000000	0.00000000	0.00879576	0.45912325	0.00003075
0.26651893	0.16887577	0.00000000	0.20849355	0.35336246	0.00000000	0.00000000
0.29145304	0.14190671	0.00000000	0.21962351	0.34450380	0.00000000	0.00000000
0.00000000	0.00000000	0.00000000	0.25997117	0.72216432	0.00000000	0.00000000
0.17239364	0.08779786	0.00000000	0.23814659	0.49795362	0.00000000	0.00000000
0.34144428	0.20170889	0.45311207	0.00000000	0.00000000	0.00000000	0.00000000
0.00000000	0.00333095	0.00000000	0.00000000	0.02156465	0.96339692	0.00000000
0.62386576	0.31521526	0.00000000	0.00000000	0.00000000	0.05359172	0.00000000
0.32868303	0.10601901	0.00000000	0.13665889	0.33427948	0.00000000	0.08800679
0.39939312	0.05327272	0.00000000	0.00000000	0.00537688	0.32280709	0.21155237
0.11047791	0.12662694	0.26554122	0.04966724	0.09251683	0.35047163	0.00000000
0.00000000	0.00000000	0.00000000	0.00000000	0.01966548	0.84498324	0.11122153
0.00000000	0.00000000	0.97111723	0.00000000	0.00000000	0.00000000	0.00000000
0.03230844	0.04404136	0.28841502	0.10250952	0.12747927	0.09311031	0.30860380
0.11746172	0.42601543	0.00000000	0.00000000	0.00000000	0.00000000	0.44771704
0.11350797	0.33406312	0.00000000	0.00000000	0.00000000	0.00000000	0.54183061
0.31756295	0.14820780	0.00000000	0.00000000	0.01478847	0.51321026	0.00000000
0.00000000	0.02108120	0.09687299	0.19586223	0.49375373	0.18838087	0.00000000
0.48083124	0.24357397	0.23573199	0.00000000	0.00000000	0.03511389	0.00000000
0.08905449	0.00000000	0.00000000	0.00324435	0.01668702	0.04898826	0.83658799
0.12743316	0.06372788	0.00000000	0.25017040	0.42179248	0.13404651	0.00000000
0.00000000	0.00000000	0.00000000	0.35400912	0.50469732	0.13279631	0.00000000
0.14798142	0.00000000	0.23092055	0.19012475	0.37096485	0.05692685	0.00000000
0.00000000	0.00000000	0.00000000	0.00000000	0.00000000	0.00000000	0.00000000
0.00000000	0.00000000	0.00000000	0.29561532	0.69780555	0.00000000	0.00000000
0.79092809	0.20278009	0.00000000	0.00000000	0.00000000	0.00000000	0.00000000
0.00000000	0.00000000	0.00000000	0.00000000	0.00000000	0.00000000	0.00000000
0.00000000	0.00000000	0.00000000	0.17884187	0.80609269	0.00000000	0.00000000
0.42691833	0.34627555	0.22253981	0.00000000	0.00000000	0.00000000	0.00000000
0.00000000	0.00000000	0.00000000	0.00000000	0.00000000	0.00000000	0.00000000
0.00000000	0.00000000	0.00000000	0.40657294	0.58887090	0.00000000	0.00000000
0.42353548	0.08977714	0.45513743	0.00000000	0.00000000	0.02788632	0.00000000
0.75944568	0.09623860	0.00000000	0.00000000	0.00000000	0.00998024	0.12688464
0.00000000	0.00000000	0.00000000	0.97782499	0.00000000	0.00000000	0.00000000
0.00000000	0.00000000	0.00000000	0.30357135	0.68110296	0.00000000	0.00000000
0.37342846	0.00000000	0.00000000	0.13990264	0.34471124	0.09585876	0.04096049
0.00000000	0.70762438	0.00000000	0.00000000	0.00018312	0.00000000	0.28448661
0.60592387	0.38846081	0.00000000	0.00000000	0.00000000	0.00000000	0.00000000
0.29842327	0.06378659	0.00000000	0.18841595	0.44529342	0.00000000	0.00000208
0.00000000	0.00000000	0.00000000	0.00000000	0.00000000	0.00000000	0.00000000
0.21703552	0.09704712	0.00000000	0.03060533	0.07919286	0.32243959	0.24469595
0.00000000	0.00000000	0.13762974	0.25969995	0.48395824	0.11502533	0.00000000
0.30203049	0.00000000	0.37842766	0.00000000	0.01082879	0.30399809	0.00000000
0.17982960	0.06198668	0.00000000	0.00000000	0.00688102	0.38076548	0.35499341
0.11602934	0.16670412	0.00000000	0.16090986	0.25029739	0.00000000	0.29839219
0.00000000	0.00000000	0.96344982	0.00000000	0.00000000	0.00000000	0.00000000
0.11567409	0.16765992	0.00000000	0.15911831	0.24717079	0.00000000	0.30263657
0.14172259	0.22668266	0.24678374	0.00000000	0.00000000	0.00000000	0.37522452
